#Weights : 
#Layer 1
#Neuron 0
0  0  0  0  0  0  0  0  0  0  
#Neuron 1
0  0  0  0  0  0  0  0  0  0  
#Neuron 2
0  0  0  0  0  0  0  0  0  0  
#Neuron 3
0  0  0  0  0  0  0  0  0  0  
#Neuron 4
0  0  0  0  0  0  0  0  0  0  
#Neuron 5
0  0  0  0  0  0  0  0  0  0  
#Neuron 6
0  0  0  0  0  0  0  0  0  0  
#Neuron 7
0  0  0  0  0  0  0  0  0  0  
#Neuron 8
0  0  0  0  0  0  0  0  0  0  
#Neuron 9
0  0  0  0  0  0  0  0  0  0  
#Neuron 10
0  0  0  0  0  0  0  0  0  0  
#Neuron 11
0  0  0  0  0  0  0  0  0  0  
#Neuron 12
0  0  0  0  0  0  0  0  0  0  
#Neuron 13
0  0  0  0  0  0  0  0  0  0  
#Neuron 14
0  0  0  0  0  0  0  0  0  0  
#Neuron 15
0  0  0  0  0  0  0  0  0  0  
#Neuron 16
0  0  0  0  0  0  0  0  0  0  
#Neuron 17
0  0  0  0  0  0  0  0  0  0  
#Neuron 18
0  0  0  0  0  0  0  0  0  0  
#Neuron 19
0  0  0  0  0  0  0  0  0  0  
#Neuron 20
0  0  0  0  0  0  0  0  0  0  
#Neuron 21
0  0  0  0  0  0  0  0  0  0  
#Neuron 22
0  0  0  0  0  0  0  0  0  0  
#Neuron 23
0  0  0  0  0  0  0  0  0  0  
#Neuron 24
0  0  0  0  0  0  0  0  0  0  
#Neuron 25
0  0  0  0  0  0  0  0  0  0  
#Neuron 26
0  0  0  0  0  0  0  0  0  0  
#Neuron 27
0  0  0  0  0  0  0  0  0  0  
#Neuron 28
0  0  0  0  0  0  0  0  0  0  
#Neuron 29
0  0  0  0  0  0  0  0  0  0  
#Neuron 30
0  0  0  0  0  0  0  0  0  0  
#Neuron 31
0  0  0  0  0  0  0  0  0  0  
#Neuron 32
0  0  0  0  0  0  0  0  0  0  
#Neuron 33
0  0  0  0  0  0  0  0  0  0  
#Neuron 34
0  0  0  0  0  0  0  0  0  0  
#Neuron 35
0  0  0  0  0  0  0  0  0  0  
#Neuron 36
0  0  0  0  0  0  0  0  0  0  
#Neuron 37
0  0  0  0  0  0  0  0  0  0  
#Neuron 38
0  0  0  0  0  0  0  0  0  0  
#Neuron 39
0  0  0  0  0  0  0  0  0  0  
#Neuron 40
0  0  0  0  0  0  0  0  0  0  
#Neuron 41
0  0  0  0  0  0  0  0  0  0  
#Neuron 42
0  0  0  0  0  0  0  0  0  0  
#Neuron 43
0  0  0  0  0  0  0  0  0  0  
#Neuron 44
0  0  0  0  0  0  0  0  0  0  
#Neuron 45
0  0  0  0  0  0  0  0  0  0  
#Neuron 46
0  0  0  0  0  0  0  0  0  0  
#Neuron 47
0  0  0  0  0  0  0  0  0  0  
#Neuron 48
0  0  0  0  0  0  0  0  0  0  
#Neuron 49
0  0  0  0  0  0  0  0  0  0  
#Neuron 50
0  0  0  0  0  0  0  0  0  0  
#Neuron 51
0  0  0  0  0  0  0  0  0  0  
#Neuron 52
0  0  0  0  0  0  0  0  0  0  
#Neuron 53
0  0  0  0  0  0  0  0  0  0  
#Neuron 54
0  0  0  0  0  0  0  0  0  0  
#Neuron 55
0  0  0  0  0  0  0  0  0  0  
#Neuron 56
0  0  0  0  0  0  0  0  0  0  
#Neuron 57
0  0  0  0  0  0  0  0  0  0  
#Neuron 58
0  0  0  0  0  0  0  0  0  0  
#Neuron 59
0  0  0  0  0  0  0  0  0  0  
#Neuron 60
0  0  0  0  0  0  0  0  0  0  
#Neuron 61
0  0  0  0  0  0  0  0  0  0  
#Neuron 62
0  0  0  0  0  0  0  0  0  0  
#Neuron 63
0  0  0  0  0  0  0  0  0  0  
#Neuron 64
0  0  0  0  0  0  0  0  0  0  
#Neuron 65
0  0  0  0  0  0  0  0  0  0  
#Neuron 66
0  0  0  0  0  0  0  0  0  0  
#Neuron 67
0  0  0  0  0  0  0  0  0  0  
#Neuron 68
0  0  0  0  0  0  0  0  0  0  
#Neuron 69
0  0  0  0  0  0  0  0  0  0  
#Neuron 70
0  0  0  0  0  0  0  0  0  0  
#Neuron 71
0  0  0  0  0  0  0  0  0  0  
#Neuron 72
0  0  0  0  0  0  0  0  0  0  
#Neuron 73
0  0  0  0  0  0  0  0  0  0  
#Neuron 74
0  0  0  0  0  0  0  0  0  0  
#Neuron 75
0  0  0  0  0  0  0  0  0  0  
#Neuron 76
0  0  0  0  0  0  0  0  0  0  
#Neuron 77
0  0  0  0  0  0  0  0  0  0  
#Neuron 78
0  0  0  0  0  0  0  0  0  0  
#Neuron 79
0  0  0  0  0  0  0  0  0  0  
#Neuron 80
0  0  0  0  0  0  0  0  0  0  
#Neuron 81
0  0  0  0  0  0  0  0  0  0  
#Neuron 82
0  0  0  0  0  0  0  0  0  0  
#Neuron 83
0  0  0  0  0  0  0  0  0  0  
#Neuron 84
0  0  0  0  0  0  0  0  0  0  
#Neuron 85
0  0  0  0  0  0  0  0  0  0  
#Neuron 86
0  0  0  0  0  0  0  0  0  0  
#Neuron 87
0  0  0  0  0  0  0  0  0  0  
#Neuron 88
0  0  0  0  0  0  0  0  0  0  
#Neuron 89
0  0  0  0  0  0  0  0  0  0  
#Neuron 90
0  0  0  0  0  0  0  0  0  0  
#Neuron 91
0  0  0  0  0  0  0  0  0  0  
#Neuron 92
0  0  0  0  0  0  0  0  0  0  
#Neuron 93
0  0  0  0  0  0  0  0  0  0  
#Neuron 94
0  0  0  0  0  0  0  0  0  0  
#Neuron 95
0  0  0  0  0  0  0  0  0  0  
#Neuron 96
0  0  0  0  0  0  0  0  0  0  
#Neuron 97
0  0  0  0  0  0  0  0  0  0  
#Neuron 98
0  0  0  0  0  0  0  0  0  0  
#Neuron 99
0  0  0  0  0  0  0  0  0  0  
#Neuron 100
0  0  0  0  0  0  0  0  0  0  
#Neuron 101
0  0  0  0  0  0  0  0  0  0  
#Neuron 102
0  0  0  0  0  0  0  0  0  0  
#Neuron 103
0  0  0  0  0  0  0  0  0  0  
#Neuron 104
0  0  0  0  0  0  0  0  0  0  
#Neuron 105
0  0  0  0  0  0  0  0  0  0  
#Neuron 106
0  0  0  0  0  0  0  0  0  0  
#Neuron 107
0  0  0  0  0  0  0  0  0  0  
#Neuron 108
0  0  0  0  0  0  0  0  0  0  
#Neuron 109
0  0  0  0  0  0  0  0  0  0  
#Neuron 110
0  0  0  0  0  0  0  0  0  0  
#Neuron 111
0  0  0  0  0  0  0  0  0  0  
#Neuron 112
0  0  0  0  0  0  0  0  0  0  
#Neuron 113
0  0  0  0  0  0  0  0  0  0  
#Neuron 114
0  0  0  0  0  0  0  0  0  0  
#Neuron 115
0  0  0  0  0  0  0  0  0  0  
#Neuron 116
0  0  0  0  0  0  0  0  0  0  
#Neuron 117
0  0  0  0  0  0  0  0  0  0  
#Neuron 118
0  0  0  0  0  0  0  0  0  0  
#Neuron 119
0  0  0  0  0  0  0  0  0  0  
#Neuron 120
0  0  0  0  0  0  0  0  0  0  
#Neuron 121
0  0  0  0  0  0  0  0  0  0  
#Neuron 122
0  0  0  0  0  0  0  0  0  0  
#Neuron 123
0  0  0  0  0  0  0  0  0  0  
#Neuron 124
0  0  0  0  0  0  0  0  0  0  
#Neuron 125
0  0  0  0  0  0  0  0  0  0  
#Neuron 126
0  0  0  0  0  0  0  0  0  0  
#Neuron 127
0  0  0  0  0  0  0  0  0  0  
#Neuron 128
0  0  0  0  0  0  0  0  0  0  
#Neuron 129
0  0  0  0  0  0  0  0  0  0  
#Neuron 130
0  0  0  0  0  0  0  0  0  0  
#Neuron 131
0  0  0  0  0  0  0  0  0  0  
#Neuron 132
0  0  0  0  0  0  0  0  0  0  
#Neuron 133
0  0  0  0  0  0  0  0  0  0  
#Neuron 134
0  0  0  0  0  0  0  0  0  0  
#Neuron 135
0  0  0  0  0  0  0  0  0  0  
#Neuron 136
0  0  0  0  0  0  0  0  0  0  
#Neuron 137
0  0  0  0  0  0  0  0  0  0  
#Neuron 138
0  0  0  0  0  0  0  0  0  0  
#Neuron 139
0  0  0  0  0  0  0  0  0  0  
#Neuron 140
0  0  0  0  0  0  0  0  0  0  
#Neuron 141
0  0  0  0  0  0  0  0  0  0  
#Neuron 142
0  0  0  0  0  0  0  0  0  0  
#Neuron 143
0  0  0  0  0  0  0  0  0  0  
#Neuron 144
0  0  0  0  0  0  0  0  0  0  
#Neuron 145
0  0  0  0  0  0  0  0  0  0  
#Neuron 146
0  0  0  0  0  0  0  0  0  0  
#Neuron 147
0  0  0  0  0  0  0  0  0  0  
#Neuron 148
0  0  0  0  0  0  0  0  0  0  
#Neuron 149
0  0  0  0  0  0  0  0  0  0  
#Neuron 150
0  0  0  0  0  0  0  0  0  0  
#Neuron 151
0  0  0  0  0  0  0  0  0  0  
#Neuron 152
0  0  0  0  0  0  0  0  0  0  
#Neuron 153
0  0  0  0  0  0  0  0  0  0  
#Neuron 154
0  0  0  0  0  0  0  0  0  0  
#Neuron 155
0  0  0  0  0  0  0  0  0  0  
#Neuron 156
0  0  0  0  0  0  0  0  0  0  
#Neuron 157
0  0  0  0  0  0  0  0  0  0  
#Neuron 158
0  0  0  0  0  0  0  0  0  0  
#Neuron 159
0  0  0  0  0  0  0  0  0  0  
#Neuron 160
0  0  0  0  0  0  0  0  0  0  
#Neuron 161
0  0  0  0  0  0  0  0  0  0  
#Neuron 162
0  0  0  0  0  0  0  0  0  0  
#Neuron 163
0  0  0  0  0  0  0  0  0  0  
#Neuron 164
0  0  0  0  0  0  0  0  0  0  
#Neuron 165
0  0  0  0  0  0  0  0  0  0  
#Neuron 166
0  0  0  0  0  0  0  0  0  0  
#Neuron 167
0  0  0  0  0  0  0  0  0  0  
#Neuron 168
0  0  0  0  0  0  0  0  0  0  
#Neuron 169
0  0  0  0  0  0  0  0  0  0  
#Neuron 170
0  0  0  0  0  0  0  0  0  0  
#Neuron 171
0  0  0  0  0  0  0  0  0  0  
#Neuron 172
0  0  0  0  0  0  0  0  0  0  
#Neuron 173
0  0  0  0  0  0  0  0  0  0  
#Neuron 174
0  0  0  0  0  0  0  0  0  0  
#Neuron 175
0  0  0  0  0  0  0  0  0  0  
#Neuron 176
0  0  0  0  0  0  0  0  0  0  
#Neuron 177
0  0  0  0  0  0  0  0  0  0  
#Neuron 178
0  0  0  0  0  0  0  0  0  0  
#Neuron 179
0  0  0  0  0  0  0  0  0  0  
#Neuron 180
0  0  0  0  0  0  0  0  0  0  
#Neuron 181
0  0  0  0  0  0  0  0  0  0  
#Neuron 182
0  0  0  0  0  0  0  0  0  0  
#Neuron 183
0  0  0  0  0  0  0  0  0  0  
#Neuron 184
0  0  0  0  0  0  0  0  0  0  
#Neuron 185
0  0  0  0  0  0  0  0  0  0  
#Neuron 186
0  0  0  0  0  0  0  0  0  0  
#Neuron 187
0  0  0  0  0  0  0  0  0  0  
#Neuron 188
0  0  0  0  0  0  0  0  0  0  
#Neuron 189
0  0  0  0  0  0  0  0  0  0  
#Neuron 190
0  0  0  0  0  0  0  0  0  0  
#Neuron 191
0  0  0  0  0  0  0  0  0  0  
#Neuron 192
0  0  0  0  0  0  0  0  0  0  
#Neuron 193
0  0  0  0  0  0  0  0  0  0  
#Neuron 194
0  0  0  0  0  0  0  0  0  0  
#Neuron 195
0  0  0  0  0  0  0  0  0  0  
#Neuron 196
0  0  0  0  0  0  0  0  0  0  
#Neuron 197
0  0  0  0  0  0  0  0  0  0  
#Neuron 198
0  0  0  0  0  0  0  0  0  0  
#Neuron 199
0  0  0  0  0  0  0  0  0  0  
#Neuron 200
0  0  0  0  0  0  0  0  0  0  
#Neuron 201
0  0  0  0  0  0  0  0  0  0  
#Neuron 202
0  0  0  0  0  0  0  0  0  0  
#Neuron 203
0  0  0  0  0  0  0  0  0  0  
#Neuron 204
0  0  0  0  0  0  0  0  0  0  
#Neuron 205
0  0  0  0  0  0  0  0  0  0  
#Neuron 206
0  0  0  0  0  0  0  0  0  0  
#Neuron 207
0  0  0  0  0  0  0  0  0  0  
#Neuron 208
0  0  0  0  0  0  0  0  0  0  
#Neuron 209
0  0  0  0  0  0  0  0  0  0  
#Neuron 210
0  0  0  0  0  0  0  0  0  0  
#Neuron 211
0  0  0  0  0  0  0  0  0  0  
#Neuron 212
0  0  0  0  0  0  0  0  0  0  
#Neuron 213
0  0  0  0  0  0  0  0  0  0  
#Neuron 214
0  0  0  0  0  0  0  0  0  0  
#Neuron 215
0  0  0  0  0  0  0  0  0  0  
#Neuron 216
0  0  0  0  0  0  0  0  0  0  
#Neuron 217
0  0  0  0  0  0  0  0  0  0  
#Neuron 218
0  0  0  0  0  0  0  0  0  0  
#Neuron 219
0  0  0  0  0  0  0  0  0  0  
#Neuron 220
0  0  0  0  0  0  0  0  0  0  
#Neuron 221
0  0  0  0  0  0  0  0  0  0  
#Neuron 222
0  0  0  0  0  0  0  0  0  0  
#Neuron 223
0  0  0  0  0  0  0  0  0  0  
#Neuron 224
0  0  0  0  0  0  0  0  0  0  
#Neuron 225
0  0  0  0  0  0  0  0  0  0  
#Neuron 226
0  0  0  0  0  0  0  0  0  0  
#Neuron 227
0  0  0  0  0  0  0  0  0  0  
#Neuron 228
0  0  0  0  0  0  0  0  0  0  
#Neuron 229
0  0  0  0  0  0  0  0  0  0  
#Neuron 230
0  0  0  0  0  0  0  0  0  0  
#Neuron 231
0  0  0  0  0  0  0  0  0  0  
#Neuron 232
0  0  0  0  0  0  0  0  0  0  
#Neuron 233
0  0  0  0  0  0  0  0  0  0  
#Neuron 234
0  0  0  0  0  0  0  0  0  0  
#Neuron 235
0  0  0  0  0  0  0  0  0  0  
#Neuron 236
0  0  0  0  0  0  0  0  0  0  
#Neuron 237
0  0  0  0  0  0  0  0  0  0  
#Neuron 238
0  0  0  0  0  0  0  0  0  0  
#Neuron 239
0  0  0  0  0  0  0  0  0  0  
#Neuron 240
0  0  0  0  0  0  0  0  0  0  
#Neuron 241
0  0  0  0  0  0  0  0  0  0  
#Neuron 242
0  0  0  0  0  0  0  0  0  0  
#Neuron 243
0  0  0  0  0  0  0  0  0  0  
#Neuron 244
0  0  0  0  0  0  0  0  0  0  
#Neuron 245
0  0  0  0  0  0  0  0  0  0  
#Neuron 246
0  0  0  0  0  0  0  0  0  0  
#Neuron 247
0  0  0  0  0  0  0  0  0  0  
#Neuron 248
0  0  0  0  0  0  0  0  0  0  
#Neuron 249
0  0  0  0  0  0  0  0  0  0  
#Neuron 250
0  0  0  0  0  0  0  0  0  0  
#Neuron 251
0  0  0  0  0  0  0  0  0  0  
#Neuron 252
0  0  0  0  0  0  0  0  0  0  
#Neuron 253
0  0  0  0  0  0  0  0  0  0  
#Neuron 254
0  0  0  0  0  0  0  0  0  0  
#Neuron 255
0  0  0  0  0  0  0  0  0  0  
#Neuron 256
0  0  0  0  0  0  0  0  0  0  
#Neuron 257
0  0  0  0  0  0  0  0  0  0  
#Neuron 258
0  0  0  0  0  0  0  0  0  0  
#Neuron 259
0  0  0  0  0  0  0  0  0  0  
#Neuron 260
0  0  0  0  0  0  0  0  0  0  
#Neuron 261
0  0  0  0  0  0  0  0  0  0  
#Neuron 262
0  0  0  0  0  0  0  0  0  0  
#Neuron 263
0  0  0  0  0  0  0  0  0  0  
#Neuron 264
0  0  0  0  0  0  0  0  0  0  
#Neuron 265
0  0  0  0  0  0  0  0  0  0  
#Neuron 266
0  0  0  0  0  0  0  0  0  0  
#Neuron 267
0  0  0  0  0  0  0  0  0  0  
#Neuron 268
0  0  0  0  0  0  0  0  0  0  
#Neuron 269
0  0  0  0  0  0  0  0  0  0  
#Neuron 270
0  0  0  0  0  0  0  0  0  0  
#Neuron 271
0  0  0  0  0  0  0  0  0  0  
#Neuron 272
0  0  0  0  0  0  0  0  0  0  
#Neuron 273
0  0  0  0  0  0  0  0  0  0  
#Neuron 274
0  0  0  0  0  0  0  0  0  0  
#Neuron 275
0  0  0  0  0  0  0  0  0  0  
#Neuron 276
0  0  0  0  0  0  0  0  0  0  
#Neuron 277
0  0  0  0  0  0  0  0  0  0  
#Neuron 278
0  0  0  0  0  0  0  0  0  0  
#Neuron 279
0  0  0  0  0  0  0  0  0  0  
#Neuron 280
0  0  0  0  0  0  0  0  0  0  
#Neuron 281
0  0  0  0  0  0  0  0  0  0  
#Neuron 282
0  0  0  0  0  0  0  0  0  0  
#Neuron 283
0  0  0  0  0  0  0  0  0  0  
#Neuron 284
0  0  0  0  0  0  0  0  0  0  
#Neuron 285
0  0  0  0  0  0  0  0  0  0  
#Neuron 286
0  0  0  0  0  0  0  0  0  0  
#Neuron 287
0  0  0  0  0  0  0  0  0  0  
#Neuron 288
0  0  0  0  0  0  0  0  0  0  
#Neuron 289
0  0  0  0  0  0  0  0  0  0  
#Neuron 290
0  0  0  0  0  0  0  0  0  0  
#Neuron 291
0  0  0  0  0  0  0  0  0  0  
#Neuron 292
0  0  0  0  0  0  0  0  0  0  
#Neuron 293
0  0  0  0  0  0  0  0  0  0  
#Neuron 294
0  0  0  0  0  0  0  0  0  0  
#Neuron 295
0  0  0  0  0  0  0  0  0  0  
#Neuron 296
0  0  0  0  0  0  0  0  0  0  
#Neuron 297
0  0  0  0  0  0  0  0  0  0  
#Neuron 298
0  0  0  0  0  0  0  0  0  0  
#Neuron 299
0  0  0  0  0  0  0  0  0  0  
#Neuron 300
0  0  0  0  0  0  0  0  0  0  
#Neuron 301
0  0  0  0  0  0  0  0  0  0  
#Neuron 302
0  0  0  0  0  0  0  0  0  0  
#Neuron 303
0  0  0  0  0  0  0  0  0  0  
#Neuron 304
0  0  0  0  0  0  0  0  0  0  
#Neuron 305
0  0  0  0  0  0  0  0  0  0  
#Neuron 306
0  0  0  0  0  0  0  0  0  0  
#Neuron 307
0  0  0  0  0  0  0  0  0  0  
#Neuron 308
0  0  0  0  0  0  0  0  0  0  
#Neuron 309
0  0  0  0  0  0  0  0  0  0  
#Neuron 310
0  0  0  0  0  0  0  0  0  0  
#Neuron 311
0  0  0  0  0  0  0  0  0  0  
#Neuron 312
0  0  0  0  0  0  0  0  0  0  
#Neuron 313
0  0  0  0  0  0  0  0  0  0  
#Neuron 314
0  0  0  0  0  0  0  0  0  0  
#Neuron 315
0  0  0  0  0  0  0  0  0  0  
#Neuron 316
0  0  0  0  0  0  0  0  0  0  
#Neuron 317
0  0  0  0  0  0  0  0  0  0  
#Neuron 318
0  0  0  0  0  0  0  0  0  0  
#Neuron 319
0  0  0  0  0  0  0  0  0  0  
#Neuron 320
0  0  0  0  0  0  0  0  0  0  
#Neuron 321
0  0  0  0  0  0  0  0  0  0  
#Neuron 322
0  0  0  0  0  0  0  0  0  0  
#Neuron 323
0  0  0  0  0  0  0  0  0  0  
#Neuron 324
0  0  0  0  0  0  0  0  0  0  
#Neuron 325
0  0  0  0  0  0  0  0  0  0  
#Neuron 326
0  0  0  0  0  0  0  0  0  0  
#Neuron 327
0  0  0  0  0  0  0  0  0  0  
#Neuron 328
0  0  0  0  0  0  0  0  0  0  
#Neuron 329
0  0  0  0  0  0  0  0  0  0  
#Neuron 330
0  0  0  0  0  0  0  0  0  0  
#Neuron 331
0  0  0  0  0  0  0  0  0  0  
#Neuron 332
0  0  0  0  0  0  0  0  0  0  
#Neuron 333
0  0  0  0  0  0  0  0  0  0  
#Neuron 334
0  0  0  0  0  0  0  0  0  0  
#Neuron 335
0  0  0  0  0  0  0  0  0  0  
#Neuron 336
0  0  0  0  0  0  0  0  0  0  
#Neuron 337
0  0  0  0  0  0  0  0  0  0  
#Neuron 338
0  0  0  0  0  0  0  0  0  0  
#Neuron 339
0  0  0  0  0  0  0  0  0  0  
#Neuron 340
0  0  0  0  0  0  0  0  0  0  
#Neuron 341
0  0  0  0  0  0  0  0  0  0  
#Neuron 342
0  0  0  0  0  0  0  0  0  0  
#Neuron 343
0  0  0  0  0  0  0  0  0  0  
#Neuron 344
0  0  0  0  0  0  0  0  0  0  
#Neuron 345
0  0  0  0  0  0  0  0  0  0  
#Neuron 346
0  0  0  0  0  0  0  0  0  0  
#Neuron 347
0  0  0  0  0  0  0  0  0  0  
#Neuron 348
0  0  0  0  0  0  0  0  0  0  
#Neuron 349
0  0  0  0  0  0  0  0  0  0  
#Neuron 350
0  0  0  0  0  0  0  0  0  0  
#Neuron 351
0  0  0  0  0  0  0  0  0  0  
#Neuron 352
0  0  0  0  0  0  0  0  0  0  
#Neuron 353
0  0  0  0  0  0  0  0  0  0  
#Neuron 354
0  0  0  0  0  0  0  0  0  0  
#Neuron 355
0  0  0  0  0  0  0  0  0  0  
#Neuron 356
0  0  0  0  0  0  0  0  0  0  
#Neuron 357
0  0  0  0  0  0  0  0  0  0  
#Neuron 358
0  0  0  0  0  0  0  0  0  0  
#Neuron 359
0  0  0  0  0  0  0  0  0  0  
#Neuron 360
0  0  0  0  0  0  0  0  0  0  
#Neuron 361
0  0  0  0  0  0  0  0  0  0  
#Neuron 362
0  0  0  0  0  0  0  0  0  0  
#Neuron 363
0  0  0  0  0  0  0  0  0  0  
#Neuron 364
0  0  0  0  0  0  0  0  0  0  
#Neuron 365
0  0  0  0  0  0  0  0  0  0  
#Neuron 366
0  0  0  0  0  0  0  0  0  0  
#Neuron 367
0  0  0  0  0  0  0  0  0  0  
#Neuron 368
0  0  0  0  0  0  0  0  0  0  
#Neuron 369
0  0  0  0  0  0  0  0  0  0  
#Neuron 370
0  0  0  0  0  0  0  0  0  0  
#Neuron 371
0  0  0  0  0  0  0  0  0  0  
#Neuron 372
0  0  0  0  0  0  0  0  0  0  
#Neuron 373
0  0  0  0  0  0  0  0  0  0  
#Neuron 374
0  0  0  0  0  0  0  0  0  0  
#Neuron 375
0  0  0  0  0  0  0  0  0  0  
#Neuron 376
0  0  0  0  0  0  0  0  0  0  
#Neuron 377
0  0  0  0  0  0  0  0  0  0  
#Neuron 378
0  0  0  0  0  0  0  0  0  0  
#Neuron 379
0  0  0  0  0  0  0  0  0  0  
#Neuron 380
0  0  0  0  0  0  0  0  0  0  
#Neuron 381
0  0  0  0  0  0  0  0  0  0  
#Neuron 382
0  0  0  0  0  0  0  0  0  0  
#Neuron 383
0  0  0  0  0  0  0  0  0  0  
#Neuron 384
0  0  0  0  0  0  0  0  0  0  
#Neuron 385
0  0  0  0  0  0  0  0  0  0  
#Neuron 386
0  0  0  0  0  0  0  0  0  0  
#Neuron 387
0  0  0  0  0  0  0  0  0  0  
#Neuron 388
0  0  0  0  0  0  0  0  0  0  
#Neuron 389
0  0  0  0  0  0  0  0  0  0  
#Neuron 390
0  0  0  0  0  0  0  0  0  0  
#Neuron 391
0  0  0  0  0  0  0  0  0  0  
#Neuron 392
0  0  0  0  0  0  0  0  0  0  
#Neuron 393
0  0  0  0  0  0  0  0  0  0  
#Neuron 394
0  0  0  0  0  0  0  0  0  0  
#Neuron 395
0  0  0  0  0  0  0  0  0  0  
#Neuron 396
0  0  0  0  0  0  0  0  0  0  
#Neuron 397
0  0  0  0  0  0  0  0  0  0  
#Neuron 398
0  0  0  0  0  0  0  0  0  0  
#Neuron 399
0  0  0  0  0  0  0  0  0  0  
#Neuron 400
0  0  0  0  0  0  0  0  0  0  
#Neuron 401
0  0  0  0  0  0  0  0  0  0  
#Neuron 402
0  0  0  0  0  0  0  0  0  0  
#Neuron 403
0  0  0  0  0  0  0  0  0  0  
#Neuron 404
0  0  0  0  0  0  0  0  0  0  
#Neuron 405
0  0  0  0  0  0  0  0  0  0  
#Neuron 406
0  0  0  0  0  0  0  0  0  0  
#Neuron 407
0  0  0  0  0  0  0  0  0  0  
#Neuron 408
0  0  0  0  0  0  0  0  0  0  
#Neuron 409
0  0  0  0  0  0  0  0  0  0  
#Neuron 410
0  0  0  0  0  0  0  0  0  0  
#Neuron 411
0  0  0  0  0  0  0  0  0  0  
#Neuron 412
0  0  0  0  0  0  0  0  0  0  
#Neuron 413
0  0  0  0  0  0  0  0  0  0  
#Neuron 414
0  0  0  0  0  0  0  0  0  0  
#Neuron 415
0  0  0  0  0  0  0  0  0  0  
#Neuron 416
0  0  0  0  0  0  0  0  0  0  
#Neuron 417
0  0  0  0  0  0  0  0  0  0  
#Neuron 418
0  0  0  0  0  0  0  0  0  0  
#Neuron 419
0  0  0  0  0  0  0  0  0  0  
#Neuron 420
0  0  0  0  0  0  0  0  0  0  
#Neuron 421
0  0  0  0  0  0  0  0  0  0  
#Neuron 422
0  0  0  0  0  0  0  0  0  0  
#Neuron 423
0  0  0  0  0  0  0  0  0  0  
#Neuron 424
0  0  0  0  0  0  0  0  0  0  
#Neuron 425
0  0  0  0  0  0  0  0  0  0  
#Neuron 426
0  0  0  0  0  0  0  0  0  0  
#Neuron 427
0  0  0  0  0  0  0  0  0  0  
#Neuron 428
0  0  0  0  0  0  0  0  0  0  
#Neuron 429
0  0  0  0  0  0  0  0  0  0  
#Neuron 430
0  0  0  0  0  0  0  0  0  0  
#Neuron 431
0  0  0  0  0  0  0  0  0  0  
#Neuron 432
0  0  0  0  0  0  0  0  0  0  
#Neuron 433
0  0  0  0  0  0  0  0  0  0  
#Neuron 434
0  0  0  0  0  0  0  0  0  0  
#Neuron 435
0  0  0  0  0  0  0  0  0  0  
#Neuron 436
0  0  0  0  0  0  0  0  0  0  
#Neuron 437
0  0  0  0  0  0  0  0  0  0  
#Neuron 438
0  0  0  0  0  0  0  0  0  0  
#Neuron 439
0  0  0  0  0  0  0  0  0  0  
#Neuron 440
0  0  0  0  0  0  0  0  0  0  
#Neuron 441
0  0  0  0  0  0  0  0  0  0  
#Neuron 442
0  0  0  0  0  0  0  0  0  0  
#Neuron 443
0  0  0  0  0  0  0  0  0  0  
#Neuron 444
0  0  0  0  0  0  0  0  0  0  
#Neuron 445
0  0  0  0  0  0  0  0  0  0  
#Neuron 446
0  0  0  0  0  0  0  0  0  0  
#Neuron 447
0  0  0  0  0  0  0  0  0  0  
#Neuron 448
0  0  0  0  0  0  0  0  0  0  
#Neuron 449
0  0  0  0  0  0  0  0  0  0  
#Neuron 450
0  0  0  0  0  0  0  0  0  0  
#Neuron 451
0  0  0  0  0  0  0  0  0  0  
#Neuron 452
0  0  0  0  0  0  0  0  0  0  
#Neuron 453
0  0  0  0  0  0  0  0  0  0  
#Neuron 454
0  0  0  0  0  0  0  0  0  0  
#Neuron 455
0  0  0  0  0  0  0  0  0  0  
#Neuron 456
0  0  0  0  0  0  0  0  0  0  
#Neuron 457
0  0  0  0  0  0  0  0  0  0  
#Neuron 458
0  0  0  0  0  0  0  0  0  0  
#Neuron 459
0  0  0  0  0  0  0  0  0  0  
#Neuron 460
0  0  0  0  0  0  0  0  0  0  
#Neuron 461
0  0  0  0  0  0  0  0  0  0  
#Neuron 462
0  0  0  0  0  0  0  0  0  0  
#Neuron 463
0  0  0  0  0  0  0  0  0  0  
#Neuron 464
0  0  0  0  0  0  0  0  0  0  
#Neuron 465
0  0  0  0  0  0  0  0  0  0  
#Neuron 466
0  0  0  0  0  0  0  0  0  0  
#Neuron 467
0  0  0  0  0  0  0  0  0  0  
#Neuron 468
0  0  0  0  0  0  0  0  0  0  
#Neuron 469
0  0  0  0  0  0  0  0  0  0  
#Neuron 470
0  0  0  0  0  0  0  0  0  0  
#Neuron 471
0  0  0  0  0  0  0  0  0  0  
#Neuron 472
0  0  0  0  0  0  0  0  0  0  
#Neuron 473
0  0  0  0  0  0  0  0  0  0  
#Neuron 474
0  0  0  0  0  0  0  0  0  0  
#Neuron 475
0  0  0  0  0  0  0  0  0  0  
#Neuron 476
0  0  0  0  0  0  0  0  0  0  
#Neuron 477
0  0  0  0  0  0  0  0  0  0  
#Neuron 478
0  0  0  0  0  0  0  0  0  0  
#Neuron 479
0  0  0  0  0  0  0  0  0  0  
#Neuron 480
0  0  0  0  0  0  0  0  0  0  
#Neuron 481
0  0  0  0  0  0  0  0  0  0  
#Neuron 482
0  0  0  0  0  0  0  0  0  0  
#Neuron 483
0  0  0  0  0  0  0  0  0  0  
#Neuron 484
0  0  0  0  0  0  0  0  0  0  
#Neuron 485
0  0  0  0  0  0  0  0  0  0  
#Neuron 486
0  0  0  0  0  0  0  0  0  0  
#Neuron 487
0  0  0  0  0  0  0  0  0  0  
#Neuron 488
0  0  0  0  0  0  0  0  0  0  
#Neuron 489
0  0  0  0  0  0  0  0  0  0  
#Neuron 490
0  0  0  0  0  0  0  0  0  0  
#Neuron 491
0  0  0  0  0  0  0  0  0  0  
#Neuron 492
0  0  0  0  0  0  0  0  0  0  
#Neuron 493
0  0  0  0  0  0  0  0  0  0  
#Neuron 494
0  0  0  0  0  0  0  0  0  0  
#Neuron 495
0  0  0  0  0  0  0  0  0  0  
#Neuron 496
0  0  0  0  0  0  0  0  0  0  
#Neuron 497
0  0  0  0  0  0  0  0  0  0  
#Neuron 498
0  0  0  0  0  0  0  0  0  0  
#Neuron 499
0  0  0  0  0  0  0  0  0  0  
#Neuron 500
0  0  0  0  0  0  0  0  0  0  
#Neuron 501
0  0  0  0  0  0  0  0  0  0  
#Neuron 502
0  0  0  0  0  0  0  0  0  0  
#Neuron 503
0  0  0  0  0  0  0  0  0  0  
#Neuron 504
0  0  0  0  0  0  0  0  0  0  
#Neuron 505
0  0  0  0  0  0  0  0  0  0  
#Neuron 506
0  0  0  0  0  0  0  0  0  0  
#Neuron 507
0  0  0  0  0  0  0  0  0  0  
#Neuron 508
0  0  0  0  0  0  0  0  0  0  
#Neuron 509
0  0  0  0  0  0  0  0  0  0  
#Neuron 510
0  0  0  0  0  0  0  0  0  0  
#Neuron 511
0  0  0  0  0  0  0  0  0  0  
#Neuron 512
0  0  0  0  0  0  0  0  0  0  
#Neuron 513
0  0  0  0  0  0  0  0  0  0  
#Neuron 514
0  0  0  0  0  0  0  0  0  0  
#Neuron 515
0  0  0  0  0  0  0  0  0  0  
#Neuron 516
0  0  0  0  0  0  0  0  0  0  
#Neuron 517
0  0  0  0  0  0  0  0  0  0  
#Neuron 518
0  0  0  0  0  0  0  0  0  0  
#Neuron 519
0  0  0  0  0  0  0  0  0  0  
#Neuron 520
0  0  0  0  0  0  0  0  0  0  
#Neuron 521
0  0  0  0  0  0  0  0  0  0  
#Neuron 522
0  0  0  0  0  0  0  0  0  0  
#Neuron 523
0  0  0  0  0  0  0  0  0  0  
#Neuron 524
0  0  0  0  0  0  0  0  0  0  
#Neuron 525
0  0  0  0  0  0  0  0  0  0  
#Neuron 526
0  0  0  0  0  0  0  0  0  0  
#Neuron 527
0  0  0  0  0  0  0  0  0  0  
#Neuron 528
0  0  0  0  0  0  0  0  0  0  
#Neuron 529
0  0  0  0  0  0  0  0  0  0  
#Neuron 530
0  0  0  0  0  0  0  0  0  0  
#Neuron 531
0  0  0  0  0  0  0  0  0  0  
#Neuron 532
0  0  0  0  0  0  0  0  0  0  
#Neuron 533
0  0  0  0  0  0  0  0  0  0  
#Neuron 534
0  0  0  0  0  0  0  0  0  0  
#Neuron 535
0  0  0  0  0  0  0  0  0  0  
#Neuron 536
0  0  0  0  0  0  0  0  0  0  
#Neuron 537
0  0  0  0  0  0  0  0  0  0  
#Neuron 538
0  0  0  0  0  0  0  0  0  0  
#Neuron 539
0  0  0  0  0  0  0  0  0  0  
#Neuron 540
0  0  0  0  0  0  0  0  0  0  
#Neuron 541
0  0  0  0  0  0  0  0  0  0  
#Neuron 542
0  0  0  0  0  0  0  0  0  0  
#Neuron 543
0  0  0  0  0  0  0  0  0  0  
#Neuron 544
0  0  0  0  0  0  0  0  0  0  
#Neuron 545
0  0  0  0  0  0  0  0  0  0  
#Neuron 546
0  0  0  0  0  0  0  0  0  0  
#Neuron 547
0  0  0  0  0  0  0  0  0  0  
#Neuron 548
0  0  0  0  0  0  0  0  0  0  
#Neuron 549
0  0  0  0  0  0  0  0  0  0  
#Neuron 550
0  0  0  0  0  0  0  0  0  0  
#Neuron 551
0  0  0  0  0  0  0  0  0  0  
#Neuron 552
0  0  0  0  0  0  0  0  0  0  
#Neuron 553
0  0  0  0  0  0  0  0  0  0  
#Neuron 554
0  0  0  0  0  0  0  0  0  0  
#Neuron 555
0  0  0  0  0  0  0  0  0  0  
#Neuron 556
0  0  0  0  0  0  0  0  0  0  
#Neuron 557
0  0  0  0  0  0  0  0  0  0  
#Neuron 558
0  0  0  0  0  0  0  0  0  0  
#Neuron 559
0  0  0  0  0  0  0  0  0  0  
#Neuron 560
0  0  0  0  0  0  0  0  0  0  
#Neuron 561
0  0  0  0  0  0  0  0  0  0  
#Neuron 562
0  0  0  0  0  0  0  0  0  0  
#Neuron 563
0  0  0  0  0  0  0  0  0  0  
#Neuron 564
0  0  0  0  0  0  0  0  0  0  
#Neuron 565
0  0  0  0  0  0  0  0  0  0  
#Neuron 566
0  0  0  0  0  0  0  0  0  0  
#Neuron 567
0  0  0  0  0  0  0  0  0  0  
#Neuron 568
0  0  0  0  0  0  0  0  0  0  
#Neuron 569
0  0  0  0  0  0  0  0  0  0  
#Neuron 570
0  0  0  0  0  0  0  0  0  0  
#Neuron 571
0  0  0  0  0  0  0  0  0  0  
#Neuron 572
0  0  0  0  0  0  0  0  0  0  
#Neuron 573
0  0  0  0  0  0  0  0  0  0  
#Neuron 574
0  0  0  0  0  0  0  0  0  0  
#Neuron 575
0  0  0  0  0  0  0  0  0  0  
#Neuron 576
0  0  0  0  0  0  0  0  0  0  
#Neuron 577
0  0  0  0  0  0  0  0  0  0  
#Neuron 578
0  0  0  0  0  0  0  0  0  0  
#Neuron 579
0  0  0  0  0  0  0  0  0  0  
#Neuron 580
0  0  0  0  0  0  0  0  0  0  
#Neuron 581
0  0  0  0  0  0  0  0  0  0  
#Neuron 582
0  0  0  0  0  0  0  0  0  0  
#Neuron 583
0  0  0  0  0  0  0  0  0  0  
#Neuron 584
0  0  0  0  0  0  0  0  0  0  
#Neuron 585
0  0  0  0  0  0  0  0  0  0  
#Neuron 586
0  0  0  0  0  0  0  0  0  0  
#Neuron 587
0  0  0  0  0  0  0  0  0  0  
#Neuron 588
0  0  0  0  0  0  0  0  0  0  
#Neuron 589
0  0  0  0  0  0  0  0  0  0  
#Neuron 590
0  0  0  0  0  0  0  0  0  0  
#Neuron 591
0  0  0  0  0  0  0  0  0  0  
#Neuron 592
0  0  0  0  0  0  0  0  0  0  
#Neuron 593
0  0  0  0  0  0  0  0  0  0  
#Neuron 594
0  0  0  0  0  0  0  0  0  0  
#Neuron 595
0  0  0  0  0  0  0  0  0  0  
#Neuron 596
0  0  0  0  0  0  0  0  0  0  
#Neuron 597
0  0  0  0  0  0  0  0  0  0  
#Neuron 598
0  0  0  0  0  0  0  0  0  0  
#Neuron 599
0  0  0  0  0  0  0  0  0  0  
#Neuron 600
0  0  0  0  0  0  0  0  0  0  
#Neuron 601
0  0  0  0  0  0  0  0  0  0  
#Neuron 602
0  0  0  0  0  0  0  0  0  0  
#Neuron 603
0  0  0  0  0  0  0  0  0  0  
#Neuron 604
0  0  0  0  0  0  0  0  0  0  
#Neuron 605
0  0  0  0  0  0  0  0  0  0  
#Neuron 606
0  0  0  0  0  0  0  0  0  0  
#Neuron 607
0  0  0  0  0  0  0  0  0  0  
#Neuron 608
0  0  0  0  0  0  0  0  0  0  
#Neuron 609
0  0  0  0  0  0  0  0  0  0  
#Neuron 610
0  0  0  0  0  0  0  0  0  0  
#Neuron 611
0  0  0  0  0  0  0  0  0  0  
#Neuron 612
0  0  0  0  0  0  0  0  0  0  
#Neuron 613
0  0  0  0  0  0  0  0  0  0  
#Neuron 614
0  0  0  0  0  0  0  0  0  0  
#Neuron 615
0  0  0  0  0  0  0  0  0  0  
#Neuron 616
0  0  0  0  0  0  0  0  0  0  
#Neuron 617
0  0  0  0  0  0  0  0  0  0  
#Neuron 618
0  0  0  0  0  0  0  0  0  0  
#Neuron 619
0  0  0  0  0  0  0  0  0  0  
#Neuron 620
0  0  0  0  0  0  0  0  0  0  
#Neuron 621
0  0  0  0  0  0  0  0  0  0  
#Neuron 622
0  0  0  0  0  0  0  0  0  0  
#Neuron 623
0  0  0  0  0  0  0  0  0  0  
#Neuron 624
0  0  0  0  0  0  0  0  0  0  
#Neuron 625
0  0  0  0  0  0  0  0  0  0  
#Neuron 626
0  0  0  0  0  0  0  0  0  0  
#Neuron 627
0  0  0  0  0  0  0  0  0  0  
#Neuron 628
0  0  0  0  0  0  0  0  0  0  
#Neuron 629
0  0  0  0  0  0  0  0  0  0  
#Neuron 630
0  0  0  0  0  0  0  0  0  0  
#Neuron 631
0  0  0  0  0  0  0  0  0  0  
#Neuron 632
0  0  0  0  0  0  0  0  0  0  
#Neuron 633
0  0  0  0  0  0  0  0  0  0  
#Neuron 634
0  0  0  0  0  0  0  0  0  0  
#Neuron 635
0  0  0  0  0  0  0  0  0  0  
#Neuron 636
0  0  0  0  0  0  0  0  0  0  
#Neuron 637
0  0  0  0  0  0  0  0  0  0  
#Neuron 638
0  0  0  0  0  0  0  0  0  0  
#Neuron 639
0  0  0  0  0  0  0  0  0  0  
#Neuron 640
0  0  0  0  0  0  0  0  0  0  
#Neuron 641
0  0  0  0  0  0  0  0  0  0  
#Neuron 642
0  0  0  0  0  0  0  0  0  0  
#Neuron 643
0  0  0  0  0  0  0  0  0  0  
#Neuron 644
0  0  0  0  0  0  0  0  0  0  
#Neuron 645
0  0  0  0  0  0  0  0  0  0  
#Neuron 646
0  0  0  0  0  0  0  0  0  0  
#Neuron 647
0  0  0  0  0  0  0  0  0  0  
#Neuron 648
0  0  0  0  0  0  0  0  0  0  
#Neuron 649
0  0  0  0  0  0  0  0  0  0  
#Neuron 650
0  0  0  0  0  0  0  0  0  0  
#Neuron 651
0  0  0  0  0  0  0  0  0  0  
#Neuron 652
0  0  0  0  0  0  0  0  0  0  
#Neuron 653
0  0  0  0  0  0  0  0  0  0  
#Neuron 654
0  0  0  0  0  0  0  0  0  0  
#Neuron 655
0  0  0  0  0  0  0  0  0  0  
#Neuron 656
0  0  0  0  0  0  0  0  0  0  
#Neuron 657
0  0  0  0  0  0  0  0  0  0  
#Neuron 658
0  0  0  0  0  0  0  0  0  0  
#Neuron 659
0  0  0  0  0  0  0  0  0  0  
#Neuron 660
0  0  0  0  0  0  0  0  0  0  
#Neuron 661
0  0  0  0  0  0  0  0  0  0  
#Neuron 662
0  0  0  0  0  0  0  0  0  0  
#Neuron 663
0  0  0  0  0  0  0  0  0  0  
#Neuron 664
0  0  0  0  0  0  0  0  0  0  
#Neuron 665
0  0  0  0  0  0  0  0  0  0  
#Neuron 666
0  0  0  0  0  0  0  0  0  0  
#Neuron 667
0  0  0  0  0  0  0  0  0  0  
#Neuron 668
0  0  0  0  0  0  0  0  0  0  
#Neuron 669
0  0  0  0  0  0  0  0  0  0  
#Neuron 670
0  0  0  0  0  0  0  0  0  0  
#Neuron 671
0  0  0  0  0  0  0  0  0  0  
#Neuron 672
0  0  0  0  0  0  0  0  0  0  
#Neuron 673
0  0  0  0  0  0  0  0  0  0  
#Neuron 674
0  0  0  0  0  0  0  0  0  0  
#Neuron 675
0  0  0  0  0  0  0  0  0  0  
#Neuron 676
0  0  0  0  0  0  0  0  0  0  
#Neuron 677
0  0  0  0  0  0  0  0  0  0  
#Neuron 678
0  0  0  0  0  0  0  0  0  0  
#Neuron 679
0  0  0  0  0  0  0  0  0  0  
#Neuron 680
0  0  0  0  0  0  0  0  0  0  
#Neuron 681
0  0  0  0  0  0  0  0  0  0  
#Neuron 682
0  0  0  0  0  0  0  0  0  0  
#Neuron 683
0  0  0  0  0  0  0  0  0  0  
#Neuron 684
0  0  0  0  0  0  0  0  0  0  
#Neuron 685
0  0  0  0  0  0  0  0  0  0  
#Neuron 686
0  0  0  0  0  0  0  0  0  0  
#Neuron 687
0  0  0  0  0  0  0  0  0  0  
#Neuron 688
0  0  0  0  0  0  0  0  0  0  
#Neuron 689
0  0  0  0  0  0  0  0  0  0  
#Neuron 690
0  0  0  0  0  0  0  0  0  0  
#Neuron 691
0  0  0  0  0  0  0  0  0  0  
#Neuron 692
0  0  0  0  0  0  0  0  0  0  
#Neuron 693
0  0  0  0  0  0  0  0  0  0  
#Neuron 694
0  0  0  0  0  0  0  0  0  0  
#Neuron 695
0  0  0  0  0  0  0  0  0  0  
#Neuron 696
0  0  0  0  0  0  0  0  0  0  
#Neuron 697
0  0  0  0  0  0  0  0  0  0  
#Neuron 698
0  0  0  0  0  0  0  0  0  0  
#Neuron 699
0  0  0  0  0  0  0  0  0  0  
#Neuron 700
0  0  0  0  0  0  0  0  0  0  
#Neuron 701
0  0  0  0  0  0  0  0  0  0  
#Neuron 702
0  0  0  0  0  0  0  0  0  0  
#Neuron 703
0  0  0  0  0  0  0  0  0  0  
#Neuron 704
0  0  0  0  0  0  0  0  0  0  
#Neuron 705
0  0  0  0  0  0  0  0  0  0  
#Neuron 706
0  0  0  0  0  0  0  0  0  0  
#Neuron 707
0  0  0  0  0  0  0  0  0  0  
#Neuron 708
0  0  0  0  0  0  0  0  0  0  
#Neuron 709
0  0  0  0  0  0  0  0  0  0  
#Neuron 710
0  0  0  0  0  0  0  0  0  0  
#Neuron 711
0  0  0  0  0  0  0  0  0  0  
#Neuron 712
0  0  0  0  0  0  0  0  0  0  
#Neuron 713
0  0  0  0  0  0  0  0  0  0  
#Neuron 714
0  0  0  0  0  0  0  0  0  0  
#Neuron 715
0  0  0  0  0  0  0  0  0  0  
#Neuron 716
0  0  0  0  0  0  0  0  0  0  
#Neuron 717
0  0  0  0  0  0  0  0  0  0  
#Neuron 718
0  0  0  0  0  0  0  0  0  0  
#Neuron 719
0  0  0  0  0  0  0  0  0  0  
#Neuron 720
0  0  0  0  0  0  0  0  0  0  
#Neuron 721
0  0  0  0  0  0  0  0  0  0  
#Neuron 722
0  0  0  0  0  0  0  0  0  0  
#Neuron 723
0  0  0  0  0  0  0  0  0  0  
#Neuron 724
0  0  0  0  0  0  0  0  0  0  
#Neuron 725
0  0  0  0  0  0  0  0  0  0  
#Neuron 726
0  0  0  0  0  0  0  0  0  0  
#Neuron 727
0  0  0  0  0  0  0  0  0  0  
#Neuron 728
0  0  0  0  0  0  0  0  0  0  
#Neuron 729
0  0  0  0  0  0  0  0  0  0  
#Neuron 730
0  0  0  0  0  0  0  0  0  0  
#Neuron 731
0  0  0  0  0  0  0  0  0  0  
#Neuron 732
0  0  0  0  0  0  0  0  0  0  
#Neuron 733
0  0  0  0  0  0  0  0  0  0  
#Neuron 734
0  0  0  0  0  0  0  0  0  0  
#Neuron 735
0  0  0  0  0  0  0  0  0  0  
#Neuron 736
0  0  0  0  0  0  0  0  0  0  
#Neuron 737
0  0  0  0  0  0  0  0  0  0  
#Neuron 738
0  0  0  0  0  0  0  0  0  0  
#Neuron 739
0  0  0  0  0  0  0  0  0  0  
#Neuron 740
0  0  0  0  0  0  0  0  0  0  
#Neuron 741
0  0  0  0  0  0  0  0  0  0  
#Neuron 742
0  0  0  0  0  0  0  0  0  0  
#Neuron 743
0  0  0  0  0  0  0  0  0  0  
#Neuron 744
0  0  0  0  0  0  0  0  0  0  
#Neuron 745
0  0  0  0  0  0  0  0  0  0  
#Neuron 746
0  0  0  0  0  0  0  0  0  0  
#Neuron 747
0  0  0  0  0  0  0  0  0  0  
#Neuron 748
0  0  0  0  0  0  0  0  0  0  
#Neuron 749
0  0  0  0  0  0  0  0  0  0  
#Neuron 750
0  0  0  0  0  0  0  0  0  0  
#Neuron 751
0  0  0  0  0  0  0  0  0  0  
#Neuron 752
0  0  0  0  0  0  0  0  0  0  
#Neuron 753
0  0  0  0  0  0  0  0  0  0  
#Neuron 754
0  0  0  0  0  0  0  0  0  0  
#Neuron 755
0  0  0  0  0  0  0  0  0  0  
#Neuron 756
0  0  0  0  0  0  0  0  0  0  
#Neuron 757
0  0  0  0  0  0  0  0  0  0  
#Neuron 758
0  0  0  0  0  0  0  0  0  0  
#Neuron 759
0  0  0  0  0  0  0  0  0  0  
#Neuron 760
0  0  0  0  0  0  0  0  0  0  
#Neuron 761
0  0  0  0  0  0  0  0  0  0  
#Neuron 762
0  0  0  0  0  0  0  0  0  0  
#Neuron 763
0  0  0  0  0  0  0  0  0  0  
#Neuron 764
0  0  0  0  0  0  0  0  0  0  
#Neuron 765
0  0  0  0  0  0  0  0  0  0  
#Neuron 766
0  0  0  0  0  0  0  0  0  0  
#Neuron 767
0  0  0  0  0  0  0  0  0  0  
#Neuron 768
0  0  0  0  0  0  0  0  0  0  
#Neuron 769
0  0  0  0  0  0  0  0  0  0  
#Neuron 770
0  0  0  0  0  0  0  0  0  0  
#Neuron 771
0  0  0  0  0  0  0  0  0  0  
#Neuron 772
0  0  0  0  0  0  0  0  0  0  
#Neuron 773
0  0  0  0  0  0  0  0  0  0  
#Neuron 774
0  0  0  0  0  0  0  0  0  0  
#Neuron 775
0  0  0  0  0  0  0  0  0  0  
#Neuron 776
0  0  0  0  0  0  0  0  0  0  
#Neuron 777
0  0  0  0  0  0  0  0  0  0  
#Neuron 778
0  0  0  0  0  0  0  0  0  0  
#Neuron 779
0  0  0  0  0  0  0  0  0  0  
#Neuron 780
0  0  0  0  0  0  0  0  0  0  
#Neuron 781
0  0  0  0  0  0  0  0  0  0  
#Neuron 782
0  0  0  0  0  0  0  0  0  0  
#Neuron 783
0  0  0  0  0  0  0  0  0  0  

#Layer 2
#Neuron 0
-1  -1  -1  0  0  0  0  0  0  0  
#Neuron 1
0  0  0  0  0  -1  -1  -1  -1  0  
#Neuron 2
0  0  0  0  -1  0  0  0  0  -1  
#Neuron 3
0  0  0  0  0  0  0  0  0  0  
#Neuron 4
0  0  0  0  0  0  0  0  0  0  
#Neuron 5
0  0  0  0  0  0  0  0  0  0  
#Neuron 6
0  0  0  0  0  0  0  0  0  0  
#Neuron 7
0  0  0  0  0  0  0  0  0  0  
#Neuron 8
0  0  0  0  0  0  0  0  0  0  
#Neuron 9
0  0  0  0  0  0  0  0  0  0  

#Example 0(label 3)
#Preactivation values
#Layer 1
0  0  0  0  0  0  0  0  0  0  
#Layer 2
-1  -1  -1  0  -1  -1  -1  -1  -1  -1  
#Activation values
#Layer 0
0  0  0  0  0  0  0  0  0  0  0  0  0  0  0  0  0  0  0  0  0  0  0  0  0  0  0  0  0  0  0  0  0  0  0  0  0  0  0  0  0  0  0  0  0  0  0  0  0  0  0  0  0  0  0  0  0  0  0  0  0  0  0  0  0  0  0  0  0  0  0  0  0  0  0  0  0  0  0  0  0  0  0  0  0  0  0  0  0  0  0  0  0  0  0  0  0  0  0  0  0  0  0  0  0  0  0  0  0  0  0  0  0  0  0  0  0  0  0  0  84  212  255  254  163  130  130  130  130  130  82  7  1  0  0  0  0  0  0  0  0  0  0  0  0  0  0  2  166  253  253  253  253  253  253  253  253  253  253  253  144  13  0  0  0  0  0  0  0  0  0  0  0  0  0  32  253  253  253  253  253  253  253  253  253  253  253  253  253  202  3  0  0  0  0  0  0  0  0  0  0  0  0  13  199  253  253  253  253  253  253  253  253  253  253  253  253  253  5  0  0  0  0  0  0  0  0  0  0  0  0  0  63  180  222  134  99  99  99  99  99  99  220  253  253  253  66  0  0  0  0  0  0  0  0  0  0  0  0  0  0  0  0  0  0  0  0  0  0  0  118  253  253  253  5  0  0  0  0  0  0  0  0  0  0  0  0  0  0  0  0  0  0  0  0  36  87  167  243  253  253  175  2  0  0  0  0  0  0  0  0  0  0  0  0  0  0  0  0  0  0  14  147  238  253  253  253  253  253  158  1  0  0  0  0  0  0  0  0  0  0  0  0  0  0  0  0  0  45  200  253  253  253  253  253  253  253  253  94  0  0  0  0  0  0  0  0  0  0  0  0  0  0  0  0  0  63  253  253  253  253  253  253  253  253  253  129  0  0  0  0  0  0  0  0  0  0  0  0  0  0  0  0  0  63  253  253  253  253  253  253  253  253  253  129  0  0  0  0  0  0  0  0  0  0  0  0  0  0  0  0  0  63  253  253  253  253  189  70  137  253  253  129  0  0  0  0  0  0  0  0  0  0  0  0  0  0  0  0  0  12  83  172  133  49  7  0  145  253  253  129  0  0  0  0  0  0  0  0  3  88  38  0  0  0  0  0  0  0  0  0  0  0  0  83  249  253  253  129  0  0  0  0  0  0  0  0  113  253  233  135  0  0  0  0  0  0  0  0  0  33  139  231  253  253  253  129  0  0  0  0  0  0  0  0  240  253  253  250  135  0  0  0  0  25  100  100  139  234  253  253  253  253  207  18  0  0  0  0  0  0  0  0  203  253  253  253  250  211  166  191  230  235  253  253  253  253  253  253  253  207  19  0  0  0  0  0  0  0  0  0  76  253  253  253  253  253  253  253  253  253  253  253  253  253  253  253  207  19  0  0  0  0  0  0  0  0  0  0  4  141  253  253  253  253  253  253  253  253  253  253  253  253  152  87  7  0  0  0  0  0  0  0  0  0  0  0  0  1  76  129  144  253  253  253  226  129  129  32  5  5  1  0  0  0  0  0  0  0  0  0  0  0  0  0  0  0  0  0  0  0  0  0  0  0  0  0  0  0  0  0  0  0  0  0  0  0  0  0  0  0  0  0  0  0  0  0  0  0  0  0  0  0  0  0  0  0  0  0  0  0  0  0  0  0  0  0  0  0  0  0  0  0  0  0  0  0  0  0  0  0  0  0  0  0  0  0  0  0  0  0  0  0  0  0  0  0  0  0  0  0  0  0  0  0  0  0  0  0  0  0  0  0  0  0  0  0  0  0  0  0  0  0  0  
#Layer 1
1  1  1  1  1  1  1  1  1  1  
#Layer 2
-1  -1  -1  1  -1  -1  -1  -1  -1  -1  


#Weights : 
#Layer 1
#Neuron 0
0  0  0  0  0  0  0  0  0  0  
#Neuron 1
0  0  0  0  0  0  0  0  0  0  
#Neuron 2
0  0  0  0  0  0  0  0  0  0  
#Neuron 3
0  0  0  0  0  0  0  0  0  0  
#Neuron 4
0  0  0  0  0  0  0  0  0  0  
#Neuron 5
0  0  0  0  0  0  0  0  0  0  
#Neuron 6
0  0  0  0  0  0  0  0  0  0  
#Neuron 7
0  0  0  0  0  0  0  0  0  0  
#Neuron 8
0  0  0  0  0  0  0  0  0  0  
#Neuron 9
0  0  0  0  0  0  0  0  0  0  
#Neuron 10
0  0  0  0  0  0  0  0  0  0  
#Neuron 11
0  0  0  0  0  0  0  0  0  0  
#Neuron 12
0  0  0  0  0  0  0  0  0  0  
#Neuron 13
0  0  0  0  0  0  0  0  0  0  
#Neuron 14
0  0  0  0  0  0  0  0  0  0  
#Neuron 15
0  0  0  0  0  0  0  0  0  0  
#Neuron 16
0  0  0  0  0  0  0  0  0  0  
#Neuron 17
0  0  0  0  0  0  0  0  0  0  
#Neuron 18
0  0  0  0  0  0  0  0  0  0  
#Neuron 19
0  0  0  0  0  0  0  0  0  0  
#Neuron 20
0  0  0  0  0  0  0  0  0  0  
#Neuron 21
0  0  0  0  0  0  0  0  0  0  
#Neuron 22
0  0  0  0  0  0  0  0  0  0  
#Neuron 23
0  0  0  0  0  0  0  0  0  0  
#Neuron 24
0  0  0  0  0  0  0  0  0  0  
#Neuron 25
0  0  0  0  0  0  0  0  0  0  
#Neuron 26
0  0  0  0  0  0  0  0  0  0  
#Neuron 27
0  0  0  0  0  0  0  0  0  0  
#Neuron 28
0  0  0  0  0  0  0  0  0  0  
#Neuron 29
0  0  0  0  0  0  0  0  0  0  
#Neuron 30
0  0  0  0  0  0  0  0  0  0  
#Neuron 31
0  0  0  0  0  0  0  0  0  0  
#Neuron 32
0  0  0  0  0  0  0  0  0  0  
#Neuron 33
0  0  0  0  0  0  0  0  0  0  
#Neuron 34
0  0  0  0  0  0  0  0  0  0  
#Neuron 35
0  0  0  0  0  0  0  0  0  0  
#Neuron 36
0  0  0  0  0  0  0  0  0  0  
#Neuron 37
0  0  0  0  0  0  0  0  0  0  
#Neuron 38
0  0  0  0  0  0  0  0  0  0  
#Neuron 39
0  0  0  0  0  0  0  0  0  0  
#Neuron 40
0  0  0  0  0  0  0  0  0  0  
#Neuron 41
0  0  0  0  0  0  0  0  0  0  
#Neuron 42
0  0  0  0  0  0  0  0  0  0  
#Neuron 43
0  0  0  0  0  0  0  0  0  0  
#Neuron 44
0  0  0  0  0  0  0  0  0  0  
#Neuron 45
0  0  0  0  0  0  0  0  0  0  
#Neuron 46
0  0  0  0  0  0  0  0  0  0  
#Neuron 47
0  0  0  0  0  0  0  0  0  0  
#Neuron 48
0  0  0  0  0  0  0  0  0  0  
#Neuron 49
0  0  0  0  0  0  0  0  0  0  
#Neuron 50
0  0  0  0  0  0  0  0  0  0  
#Neuron 51
0  0  0  0  0  0  0  0  0  0  
#Neuron 52
0  0  0  0  0  0  0  0  0  0  
#Neuron 53
0  0  0  0  0  0  0  0  0  0  
#Neuron 54
0  0  0  0  0  0  0  0  0  0  
#Neuron 55
0  0  0  0  0  0  0  0  0  0  
#Neuron 56
0  0  0  0  0  0  0  0  0  0  
#Neuron 57
0  0  0  0  0  0  0  0  0  0  
#Neuron 58
0  0  0  0  0  0  0  0  0  0  
#Neuron 59
0  0  0  0  0  0  0  0  0  0  
#Neuron 60
0  0  0  0  0  0  0  0  0  0  
#Neuron 61
0  0  0  0  0  0  0  0  0  0  
#Neuron 62
0  0  0  0  0  0  0  0  0  0  
#Neuron 63
0  0  0  0  0  0  0  0  0  0  
#Neuron 64
0  0  0  0  0  0  0  0  0  0  
#Neuron 65
0  0  0  0  0  0  0  0  0  0  
#Neuron 66
0  0  0  0  0  0  0  0  0  0  
#Neuron 67
0  0  0  0  0  0  0  0  0  0  
#Neuron 68
0  0  0  0  0  0  0  0  0  0  
#Neuron 69
0  0  0  0  0  0  0  0  0  0  
#Neuron 70
0  0  0  0  0  0  0  0  0  0  
#Neuron 71
0  0  0  0  0  0  0  0  0  0  
#Neuron 72
0  0  0  0  0  0  0  0  0  0  
#Neuron 73
0  0  0  0  0  0  0  0  0  0  
#Neuron 74
0  0  0  0  0  0  0  0  0  0  
#Neuron 75
0  0  0  0  0  0  0  0  0  0  
#Neuron 76
0  0  0  0  0  0  0  0  0  0  
#Neuron 77
0  0  0  0  0  0  0  0  0  0  
#Neuron 78
0  0  0  0  0  0  0  0  0  0  
#Neuron 79
0  0  0  0  0  0  0  0  0  0  
#Neuron 80
0  0  0  0  0  0  0  0  0  0  
#Neuron 81
0  0  0  0  0  0  0  0  0  0  
#Neuron 82
0  0  0  0  0  0  0  0  0  0  
#Neuron 83
0  0  0  0  0  0  0  0  0  0  
#Neuron 84
0  0  0  0  0  0  0  0  0  0  
#Neuron 85
0  0  0  0  0  0  0  0  0  0  
#Neuron 86
0  0  0  0  0  0  0  0  0  0  
#Neuron 87
0  0  0  0  0  0  0  0  0  0  
#Neuron 88
0  0  0  0  0  0  0  0  0  0  
#Neuron 89
0  0  0  0  0  0  0  0  0  0  
#Neuron 90
0  0  0  0  0  0  0  0  0  0  
#Neuron 91
0  0  0  0  0  0  0  0  0  0  
#Neuron 92
0  0  0  0  0  0  0  0  0  0  
#Neuron 93
0  0  0  0  0  0  0  0  0  0  
#Neuron 94
0  0  0  0  0  0  0  0  0  0  
#Neuron 95
0  0  0  0  0  0  0  0  0  0  
#Neuron 96
0  0  0  0  0  0  0  0  0  0  
#Neuron 97
0  0  0  0  0  0  0  0  0  0  
#Neuron 98
0  0  0  0  0  0  0  0  0  0  
#Neuron 99
0  0  0  0  0  0  0  0  0  0  
#Neuron 100
0  0  0  0  0  0  0  0  0  0  
#Neuron 101
0  0  0  0  0  0  0  0  0  0  
#Neuron 102
0  0  0  0  0  0  0  0  0  0  
#Neuron 103
0  0  0  0  0  0  0  0  0  0  
#Neuron 104
0  0  0  0  0  0  0  0  0  0  
#Neuron 105
0  0  0  0  0  0  0  0  0  0  
#Neuron 106
0  0  0  0  0  0  0  0  0  0  
#Neuron 107
0  0  0  0  0  0  0  0  0  0  
#Neuron 108
0  0  0  0  0  0  0  0  0  0  
#Neuron 109
0  0  0  0  0  0  0  0  0  0  
#Neuron 110
0  0  0  0  0  0  0  0  0  0  
#Neuron 111
0  0  0  0  0  0  0  0  0  0  
#Neuron 112
0  0  0  0  0  0  0  0  0  0  
#Neuron 113
0  0  0  0  0  0  0  0  0  0  
#Neuron 114
0  0  0  0  0  0  0  0  0  0  
#Neuron 115
0  0  0  0  0  0  0  0  0  0  
#Neuron 116
0  0  0  0  0  0  0  0  0  0  
#Neuron 117
0  0  0  0  0  0  0  0  0  0  
#Neuron 118
0  0  0  0  0  0  0  0  0  0  
#Neuron 119
0  0  0  0  0  0  0  0  0  0  
#Neuron 120
0  0  0  0  0  0  0  0  0  0  
#Neuron 121
0  0  0  0  0  0  0  0  0  0  
#Neuron 122
0  0  0  0  0  0  0  0  0  0  
#Neuron 123
0  0  0  0  0  0  0  0  0  0  
#Neuron 124
0  0  0  0  0  0  0  0  0  0  
#Neuron 125
0  0  0  0  0  0  0  0  0  0  
#Neuron 126
0  0  0  0  0  0  0  0  0  0  
#Neuron 127
0  0  0  0  0  0  0  0  0  0  
#Neuron 128
0  0  0  0  0  0  0  0  0  0  
#Neuron 129
0  0  0  0  0  0  0  0  0  0  
#Neuron 130
0  0  0  0  0  0  0  0  0  0  
#Neuron 131
0  0  0  0  0  0  0  0  0  0  
#Neuron 132
0  0  0  0  0  0  0  0  0  0  
#Neuron 133
0  0  0  0  0  0  0  0  0  0  
#Neuron 134
0  0  0  0  0  0  0  0  0  0  
#Neuron 135
0  0  0  0  0  0  0  0  0  0  
#Neuron 136
0  0  0  0  0  0  0  0  0  0  
#Neuron 137
0  0  0  0  0  0  0  0  0  0  
#Neuron 138
0  0  0  0  0  0  0  0  0  0  
#Neuron 139
0  0  0  0  0  0  0  0  0  0  
#Neuron 140
0  0  0  0  0  0  0  0  0  0  
#Neuron 141
0  0  0  0  0  0  0  0  0  0  
#Neuron 142
0  0  0  0  0  0  0  0  0  0  
#Neuron 143
0  0  0  0  0  0  0  0  0  0  
#Neuron 144
0  0  0  0  0  0  0  0  0  0  
#Neuron 145
0  0  0  0  0  0  0  0  0  0  
#Neuron 146
0  0  0  0  0  0  0  0  0  0  
#Neuron 147
0  0  0  0  0  0  0  0  0  0  
#Neuron 148
0  0  0  0  0  0  0  0  0  0  
#Neuron 149
0  0  0  0  0  0  0  0  0  0  
#Neuron 150
0  0  0  0  0  0  0  0  0  0  
#Neuron 151
0  0  0  0  0  0  0  0  0  0  
#Neuron 152
0  0  0  0  0  0  0  0  0  0  
#Neuron 153
0  0  0  0  0  0  0  0  0  0  
#Neuron 154
0  0  0  0  0  0  0  0  0  0  
#Neuron 155
0  0  0  0  0  0  0  0  0  0  
#Neuron 156
0  0  0  0  0  0  0  0  0  0  
#Neuron 157
0  0  0  0  0  0  0  0  0  0  
#Neuron 158
0  0  0  0  0  0  0  0  0  0  
#Neuron 159
0  0  0  0  0  0  0  0  0  0  
#Neuron 160
0  0  0  0  0  0  0  0  0  0  
#Neuron 161
0  0  0  0  0  0  0  0  0  0  
#Neuron 162
0  0  0  0  0  0  0  0  0  0  
#Neuron 163
0  0  0  0  0  0  0  0  0  0  
#Neuron 164
0  0  0  0  0  0  0  0  0  0  
#Neuron 165
0  0  0  0  0  0  0  0  0  0  
#Neuron 166
0  0  0  0  0  0  0  0  0  0  
#Neuron 167
0  0  0  0  0  0  0  0  0  0  
#Neuron 168
0  0  0  0  0  0  0  0  0  0  
#Neuron 169
0  0  0  0  0  0  0  0  0  0  
#Neuron 170
0  0  0  0  0  0  0  0  0  0  
#Neuron 171
0  0  0  0  0  0  0  0  0  0  
#Neuron 172
0  0  0  0  0  0  0  0  0  0  
#Neuron 173
0  0  0  0  0  0  0  0  0  0  
#Neuron 174
0  0  0  0  0  0  0  0  0  0  
#Neuron 175
0  0  0  0  0  0  0  0  0  0  
#Neuron 176
0  0  0  0  0  0  0  0  0  0  
#Neuron 177
0  0  0  0  0  0  0  0  0  0  
#Neuron 178
0  0  0  0  0  0  0  0  0  0  
#Neuron 179
0  0  0  0  0  0  0  0  0  0  
#Neuron 180
0  0  0  0  0  0  0  0  0  0  
#Neuron 181
0  0  0  0  0  0  0  0  0  0  
#Neuron 182
0  0  0  0  0  0  0  0  0  0  
#Neuron 183
0  0  0  0  0  0  0  0  0  0  
#Neuron 184
0  0  0  0  0  0  0  0  0  0  
#Neuron 185
0  0  0  0  0  0  0  0  0  0  
#Neuron 186
0  0  0  0  0  0  0  0  0  0  
#Neuron 187
0  0  0  0  0  0  0  0  0  0  
#Neuron 188
0  0  0  0  0  0  0  0  0  0  
#Neuron 189
0  0  0  0  0  0  0  0  0  0  
#Neuron 190
0  0  0  0  0  0  0  0  0  0  
#Neuron 191
0  0  0  0  0  0  0  0  0  0  
#Neuron 192
0  0  0  0  0  0  0  0  0  0  
#Neuron 193
0  0  0  0  0  0  0  0  0  0  
#Neuron 194
0  0  0  0  0  0  0  0  0  0  
#Neuron 195
0  0  0  0  0  0  0  0  0  0  
#Neuron 196
0  0  0  0  0  0  0  0  0  0  
#Neuron 197
0  0  0  0  0  0  0  0  0  0  
#Neuron 198
0  0  0  0  0  0  0  0  0  0  
#Neuron 199
0  0  0  0  0  0  0  0  0  0  
#Neuron 200
0  0  0  0  0  0  0  0  0  0  
#Neuron 201
0  0  0  0  0  0  0  0  0  0  
#Neuron 202
0  0  0  0  0  0  0  0  0  0  
#Neuron 203
0  0  0  0  0  0  0  0  0  0  
#Neuron 204
0  0  0  0  0  0  0  0  0  0  
#Neuron 205
0  0  0  0  0  0  0  0  0  0  
#Neuron 206
0  0  0  0  0  0  0  0  0  0  
#Neuron 207
0  0  0  0  0  0  0  0  0  0  
#Neuron 208
0  0  0  0  0  0  0  0  0  0  
#Neuron 209
0  0  0  0  0  0  0  0  0  0  
#Neuron 210
0  0  0  0  0  0  0  0  0  0  
#Neuron 211
0  0  0  0  0  0  0  0  0  0  
#Neuron 212
0  0  0  0  0  0  0  0  0  0  
#Neuron 213
0  0  0  0  0  0  0  0  0  0  
#Neuron 214
0  0  0  0  0  0  0  0  0  0  
#Neuron 215
0  0  0  0  0  0  0  0  0  0  
#Neuron 216
0  0  0  0  0  0  0  0  0  0  
#Neuron 217
0  0  0  0  0  0  0  0  0  0  
#Neuron 218
0  0  0  0  0  0  0  0  0  0  
#Neuron 219
0  0  0  0  0  0  0  0  0  0  
#Neuron 220
0  0  0  0  0  0  0  0  0  0  
#Neuron 221
0  0  0  0  0  0  0  0  0  0  
#Neuron 222
0  0  0  0  0  0  0  0  0  0  
#Neuron 223
0  0  0  0  0  0  0  0  0  0  
#Neuron 224
0  0  0  0  0  0  0  0  0  0  
#Neuron 225
0  0  0  0  0  0  0  0  0  0  
#Neuron 226
0  0  0  0  0  0  0  0  0  0  
#Neuron 227
0  0  0  0  0  0  0  0  0  0  
#Neuron 228
0  0  0  0  0  0  0  0  0  0  
#Neuron 229
0  0  0  0  0  0  0  0  0  0  
#Neuron 230
0  0  0  0  0  0  0  0  0  0  
#Neuron 231
0  0  0  0  0  0  0  0  0  0  
#Neuron 232
0  0  0  0  0  0  0  0  0  0  
#Neuron 233
0  0  0  0  0  0  0  0  0  0  
#Neuron 234
0  0  0  0  0  0  0  0  0  0  
#Neuron 235
0  0  0  0  0  0  0  0  0  0  
#Neuron 236
0  0  0  0  0  0  0  0  0  0  
#Neuron 237
0  0  0  0  0  0  0  0  0  0  
#Neuron 238
0  0  0  0  0  0  0  0  0  0  
#Neuron 239
0  0  0  0  0  0  0  0  0  0  
#Neuron 240
0  0  0  0  0  0  0  0  0  0  
#Neuron 241
0  0  0  0  0  0  0  0  0  0  
#Neuron 242
0  0  0  0  0  0  0  0  0  0  
#Neuron 243
0  0  0  0  0  0  0  0  0  0  
#Neuron 244
0  0  0  0  0  0  0  0  0  0  
#Neuron 245
0  0  0  0  0  0  0  0  0  0  
#Neuron 246
0  0  0  0  0  0  0  0  0  0  
#Neuron 247
0  0  0  0  0  0  0  0  0  0  
#Neuron 248
0  0  0  0  0  0  0  0  0  0  
#Neuron 249
0  0  0  0  0  0  0  0  0  0  
#Neuron 250
0  0  0  0  0  0  0  0  0  0  
#Neuron 251
0  0  0  0  0  0  0  0  0  0  
#Neuron 252
0  0  0  0  0  0  0  0  0  0  
#Neuron 253
0  0  0  0  0  0  0  0  0  0  
#Neuron 254
0  0  0  0  0  0  0  0  0  0  
#Neuron 255
0  0  0  0  0  0  0  0  0  0  
#Neuron 256
0  0  0  0  0  0  0  0  0  0  
#Neuron 257
0  0  0  0  0  0  0  0  0  0  
#Neuron 258
0  0  0  0  0  0  0  0  0  0  
#Neuron 259
0  0  0  0  0  0  0  0  0  0  
#Neuron 260
0  0  0  0  0  0  0  0  0  0  
#Neuron 261
0  0  0  0  0  0  0  0  0  0  
#Neuron 262
0  0  0  0  0  0  0  0  0  0  
#Neuron 263
0  0  0  0  0  0  0  0  0  0  
#Neuron 264
0  0  0  0  0  0  0  0  0  0  
#Neuron 265
0  0  0  0  0  0  0  0  0  0  
#Neuron 266
0  0  0  0  0  0  0  0  0  0  
#Neuron 267
0  0  0  0  0  0  0  0  0  0  
#Neuron 268
0  0  0  0  0  0  0  0  0  0  
#Neuron 269
0  0  0  0  0  0  0  0  0  0  
#Neuron 270
0  0  0  0  0  0  0  0  0  0  
#Neuron 271
0  0  0  0  0  0  0  0  0  0  
#Neuron 272
0  0  0  0  0  0  0  0  0  0  
#Neuron 273
0  0  0  0  0  0  0  0  0  0  
#Neuron 274
0  0  0  0  0  0  0  0  0  0  
#Neuron 275
0  0  0  0  0  0  0  0  0  0  
#Neuron 276
0  0  0  0  0  0  0  0  0  0  
#Neuron 277
0  0  0  0  0  0  0  0  0  0  
#Neuron 278
0  0  0  0  0  0  0  0  0  0  
#Neuron 279
0  0  0  0  0  0  0  0  0  0  
#Neuron 280
0  0  0  0  0  0  0  0  0  0  
#Neuron 281
0  0  0  0  0  0  0  0  0  0  
#Neuron 282
0  0  0  0  0  0  0  0  0  0  
#Neuron 283
0  0  0  0  0  0  0  0  0  0  
#Neuron 284
0  0  0  0  0  0  0  0  0  0  
#Neuron 285
0  0  0  0  0  0  0  0  0  0  
#Neuron 286
0  0  0  0  0  0  0  0  0  0  
#Neuron 287
0  0  0  0  0  0  0  0  0  0  
#Neuron 288
0  0  0  0  0  0  0  0  0  0  
#Neuron 289
0  0  0  0  0  0  0  0  0  0  
#Neuron 290
0  0  0  0  0  0  0  0  0  0  
#Neuron 291
0  0  0  0  0  0  0  0  0  0  
#Neuron 292
0  0  0  0  0  0  0  0  0  0  
#Neuron 293
0  0  0  0  0  0  0  0  0  0  
#Neuron 294
0  0  0  0  0  0  0  0  0  0  
#Neuron 295
0  0  0  0  0  0  0  0  0  0  
#Neuron 296
0  0  0  0  0  0  0  0  0  0  
#Neuron 297
0  0  0  0  0  0  0  0  0  0  
#Neuron 298
0  0  0  0  0  0  0  0  0  0  
#Neuron 299
0  0  0  0  0  0  0  0  0  0  
#Neuron 300
0  0  0  0  0  0  0  0  0  0  
#Neuron 301
0  0  0  0  0  0  0  0  0  0  
#Neuron 302
0  0  0  0  0  0  0  0  0  0  
#Neuron 303
0  0  0  0  0  0  0  0  0  0  
#Neuron 304
0  0  0  0  0  0  0  0  0  0  
#Neuron 305
0  0  0  0  0  0  0  0  0  0  
#Neuron 306
0  0  0  0  0  0  0  0  0  0  
#Neuron 307
0  0  0  0  0  0  0  0  0  0  
#Neuron 308
0  0  0  0  0  0  0  0  0  0  
#Neuron 309
0  0  0  0  0  0  0  0  0  0  
#Neuron 310
0  0  0  0  0  0  0  0  0  0  
#Neuron 311
0  0  0  0  0  0  0  0  0  0  
#Neuron 312
0  0  0  0  0  0  0  0  0  0  
#Neuron 313
0  0  0  0  0  0  0  0  0  0  
#Neuron 314
0  0  0  0  0  0  0  0  0  0  
#Neuron 315
0  0  0  0  0  0  0  0  0  0  
#Neuron 316
0  0  0  0  0  0  0  0  0  0  
#Neuron 317
0  0  0  0  0  0  0  0  0  0  
#Neuron 318
0  0  0  0  0  0  0  0  0  0  
#Neuron 319
0  0  0  0  0  0  0  0  0  0  
#Neuron 320
0  0  0  0  0  0  0  0  0  0  
#Neuron 321
0  0  0  0  0  0  0  0  0  0  
#Neuron 322
0  0  0  0  0  0  0  0  0  0  
#Neuron 323
0  0  0  0  0  0  0  0  0  0  
#Neuron 324
0  0  0  0  0  0  0  0  0  0  
#Neuron 325
0  0  0  0  0  0  0  0  0  0  
#Neuron 326
0  0  0  0  0  0  0  0  0  0  
#Neuron 327
0  0  0  0  0  0  0  0  0  0  
#Neuron 328
0  0  0  0  0  0  0  0  0  0  
#Neuron 329
0  0  0  0  0  0  0  0  0  0  
#Neuron 330
0  0  0  0  0  0  0  0  0  0  
#Neuron 331
0  0  0  0  0  0  0  0  0  0  
#Neuron 332
0  0  0  0  0  0  0  0  0  0  
#Neuron 333
0  0  0  0  0  0  0  0  0  0  
#Neuron 334
0  0  0  0  0  0  0  0  0  0  
#Neuron 335
0  0  0  0  0  0  0  0  0  0  
#Neuron 336
0  0  0  0  0  0  0  0  0  0  
#Neuron 337
0  0  0  0  0  0  0  0  0  0  
#Neuron 338
0  0  0  0  0  0  0  0  0  0  
#Neuron 339
0  0  0  0  0  0  0  0  0  0  
#Neuron 340
0  0  0  0  0  0  0  0  0  0  
#Neuron 341
0  0  0  0  0  0  0  0  0  0  
#Neuron 342
0  0  0  0  0  0  0  0  0  0  
#Neuron 343
0  0  0  0  0  0  0  0  0  0  
#Neuron 344
0  0  0  0  0  0  0  0  0  0  
#Neuron 345
0  0  0  0  0  0  0  0  0  0  
#Neuron 346
0  0  0  0  0  0  0  0  0  0  
#Neuron 347
0  0  0  0  0  0  0  0  0  0  
#Neuron 348
0  0  0  0  0  0  0  0  0  0  
#Neuron 349
0  0  0  0  0  0  0  0  0  0  
#Neuron 350
0  0  0  0  0  0  0  0  0  0  
#Neuron 351
0  0  0  0  0  0  0  0  0  0  
#Neuron 352
0  0  0  0  0  0  0  0  0  0  
#Neuron 353
0  0  0  0  0  0  0  0  0  0  
#Neuron 354
0  0  0  0  0  0  0  0  0  0  
#Neuron 355
0  0  0  0  0  0  0  0  0  0  
#Neuron 356
0  0  0  0  0  0  0  0  0  0  
#Neuron 357
0  0  0  0  0  0  0  0  0  0  
#Neuron 358
0  0  0  0  0  0  0  0  0  0  
#Neuron 359
0  0  0  0  0  0  0  0  0  0  
#Neuron 360
0  0  0  0  0  0  0  0  0  0  
#Neuron 361
0  0  0  0  0  0  0  0  0  0  
#Neuron 362
0  0  0  0  0  0  0  0  0  0  
#Neuron 363
0  0  0  0  0  0  0  0  0  0  
#Neuron 364
0  0  0  0  0  0  0  0  0  0  
#Neuron 365
0  0  0  0  0  0  0  0  0  0  
#Neuron 366
0  0  0  0  0  0  0  0  0  0  
#Neuron 367
0  0  0  0  0  0  0  0  0  0  
#Neuron 368
0  0  0  0  0  0  0  0  0  0  
#Neuron 369
0  0  0  0  0  0  0  0  0  0  
#Neuron 370
0  0  0  0  0  0  0  0  0  0  
#Neuron 371
0  0  0  0  0  0  0  0  0  0  
#Neuron 372
0  0  0  0  0  0  0  0  0  0  
#Neuron 373
0  0  0  0  0  0  0  0  0  0  
#Neuron 374
0  0  0  0  0  0  0  0  0  0  
#Neuron 375
0  0  0  0  0  0  0  0  0  0  
#Neuron 376
0  0  0  0  0  0  0  0  0  0  
#Neuron 377
0  0  0  0  0  0  0  0  0  0  
#Neuron 378
0  0  0  0  0  0  0  0  0  0  
#Neuron 379
0  0  0  0  0  0  0  0  0  0  
#Neuron 380
0  0  0  0  0  0  0  0  0  0  
#Neuron 381
0  0  0  0  0  0  0  0  0  0  
#Neuron 382
0  0  0  0  0  0  0  0  0  0  
#Neuron 383
0  0  0  0  0  0  0  0  0  0  
#Neuron 384
0  0  0  0  0  0  0  0  0  0  
#Neuron 385
0  0  0  0  0  0  0  0  0  0  
#Neuron 386
0  0  0  0  0  0  0  0  0  0  
#Neuron 387
0  0  0  0  0  0  0  0  0  0  
#Neuron 388
0  0  0  0  0  0  0  0  0  0  
#Neuron 389
0  0  0  0  0  0  0  0  0  0  
#Neuron 390
0  0  0  0  0  0  0  0  0  0  
#Neuron 391
0  0  0  0  0  0  0  0  0  0  
#Neuron 392
0  0  0  0  0  0  0  0  0  0  
#Neuron 393
0  0  0  0  0  0  0  0  0  0  
#Neuron 394
0  0  0  0  0  0  0  0  0  0  
#Neuron 395
0  0  0  0  0  0  0  0  0  0  
#Neuron 396
0  0  0  0  0  0  0  0  0  0  
#Neuron 397
0  0  0  0  0  0  0  0  0  0  
#Neuron 398
0  0  0  0  0  0  0  0  0  0  
#Neuron 399
0  0  0  0  0  0  0  0  0  0  
#Neuron 400
0  0  0  0  0  0  0  0  0  0  
#Neuron 401
0  0  0  0  0  0  0  0  0  0  
#Neuron 402
0  0  0  0  0  0  0  0  0  0  
#Neuron 403
0  0  0  0  0  0  0  0  0  0  
#Neuron 404
0  0  0  0  0  0  0  0  0  0  
#Neuron 405
0  0  0  0  0  0  0  0  0  0  
#Neuron 406
0  0  0  0  0  0  0  0  0  0  
#Neuron 407
0  0  0  0  0  0  0  0  0  0  
#Neuron 408
0  0  0  0  0  0  0  0  0  0  
#Neuron 409
0  0  0  0  0  0  0  0  0  0  
#Neuron 410
0  0  0  0  0  0  0  0  0  0  
#Neuron 411
0  0  0  0  0  0  0  0  0  0  
#Neuron 412
0  0  0  0  0  0  0  0  0  0  
#Neuron 413
0  0  0  0  0  0  0  0  0  0  
#Neuron 414
0  0  0  0  0  0  0  0  0  0  
#Neuron 415
0  0  0  0  0  0  0  0  0  0  
#Neuron 416
0  0  0  0  0  0  0  0  0  0  
#Neuron 417
0  0  0  0  0  0  0  0  0  0  
#Neuron 418
0  0  0  0  0  0  0  0  0  0  
#Neuron 419
0  0  0  0  0  0  0  0  0  0  
#Neuron 420
0  0  0  0  0  0  0  0  0  0  
#Neuron 421
0  0  0  0  0  0  0  0  0  0  
#Neuron 422
0  0  0  0  0  0  0  0  0  0  
#Neuron 423
0  0  0  0  0  0  0  0  0  0  
#Neuron 424
0  0  0  0  0  0  0  0  0  0  
#Neuron 425
0  0  0  0  0  0  0  0  0  0  
#Neuron 426
0  0  0  0  0  0  0  0  0  0  
#Neuron 427
0  0  0  0  0  0  0  0  0  0  
#Neuron 428
0  0  0  0  0  0  0  0  0  0  
#Neuron 429
0  0  0  0  0  0  0  0  0  0  
#Neuron 430
0  0  0  0  0  0  0  0  0  0  
#Neuron 431
0  0  0  0  0  0  0  0  0  0  
#Neuron 432
0  0  0  0  0  0  0  0  0  0  
#Neuron 433
0  0  0  0  0  0  0  0  0  0  
#Neuron 434
0  0  0  0  0  0  0  0  0  0  
#Neuron 435
0  0  0  0  0  0  0  0  0  0  
#Neuron 436
0  0  0  0  0  0  0  0  0  0  
#Neuron 437
0  0  0  0  0  0  0  0  0  0  
#Neuron 438
0  0  0  0  0  0  0  0  0  0  
#Neuron 439
0  0  0  0  0  0  0  0  0  0  
#Neuron 440
0  0  0  0  0  0  0  0  0  0  
#Neuron 441
0  0  0  0  0  0  0  0  0  0  
#Neuron 442
0  0  0  0  0  0  0  0  0  0  
#Neuron 443
0  0  0  0  0  0  0  0  0  0  
#Neuron 444
0  0  0  0  0  0  0  0  0  0  
#Neuron 445
0  0  0  0  0  0  0  0  0  0  
#Neuron 446
0  0  0  0  0  0  0  0  0  0  
#Neuron 447
0  0  0  0  0  0  0  0  0  0  
#Neuron 448
0  0  0  0  0  0  0  0  0  0  
#Neuron 449
0  0  0  0  0  0  0  0  0  0  
#Neuron 450
0  0  0  0  0  0  0  0  0  0  
#Neuron 451
0  0  0  0  0  0  0  0  0  0  
#Neuron 452
0  0  0  0  0  0  0  0  0  0  
#Neuron 453
0  0  0  0  0  0  0  0  0  0  
#Neuron 454
0  0  0  0  0  0  0  0  0  0  
#Neuron 455
0  0  0  0  0  0  0  0  0  0  
#Neuron 456
0  0  0  0  0  0  0  0  0  0  
#Neuron 457
0  0  0  0  0  0  0  0  0  0  
#Neuron 458
0  0  0  0  0  0  0  0  0  0  
#Neuron 459
0  0  0  0  0  0  0  0  0  0  
#Neuron 460
0  0  0  0  0  0  0  0  0  0  
#Neuron 461
0  0  0  0  0  0  0  0  0  0  
#Neuron 462
0  0  0  0  0  0  0  0  0  0  
#Neuron 463
0  0  0  0  0  0  0  0  0  0  
#Neuron 464
0  0  0  0  0  0  0  0  0  0  
#Neuron 465
0  0  0  0  0  0  0  0  0  0  
#Neuron 466
0  0  0  0  0  0  0  0  0  0  
#Neuron 467
0  0  0  0  0  0  0  0  0  0  
#Neuron 468
0  0  0  0  0  0  0  0  0  0  
#Neuron 469
0  0  0  0  0  0  0  0  0  0  
#Neuron 470
0  0  0  0  0  0  0  0  0  0  
#Neuron 471
0  0  0  0  0  0  0  0  0  0  
#Neuron 472
0  0  0  0  0  0  0  0  0  0  
#Neuron 473
0  0  0  0  0  0  0  0  0  0  
#Neuron 474
0  0  0  0  0  0  0  0  0  0  
#Neuron 475
0  0  0  0  0  0  0  0  0  0  
#Neuron 476
0  0  0  0  0  0  0  0  0  0  
#Neuron 477
0  0  0  0  0  0  0  0  0  0  
#Neuron 478
0  0  0  0  0  0  0  0  0  0  
#Neuron 479
0  0  0  0  0  0  0  0  0  0  
#Neuron 480
0  0  0  0  0  0  0  0  0  0  
#Neuron 481
0  0  0  0  0  0  0  0  0  0  
#Neuron 482
0  0  0  0  0  0  0  0  0  0  
#Neuron 483
0  0  0  0  0  0  0  0  0  0  
#Neuron 484
0  0  0  0  0  0  0  0  0  0  
#Neuron 485
0  0  0  0  0  0  0  0  0  0  
#Neuron 486
0  0  0  0  0  0  0  0  0  0  
#Neuron 487
0  0  0  0  0  0  0  0  0  0  
#Neuron 488
0  0  0  0  0  0  0  0  0  0  
#Neuron 489
0  0  0  0  0  0  0  0  0  0  
#Neuron 490
0  0  0  0  0  0  0  0  0  0  
#Neuron 491
0  0  0  0  0  0  0  0  0  0  
#Neuron 492
0  0  0  0  0  0  0  0  0  0  
#Neuron 493
0  0  0  0  0  0  0  0  0  0  
#Neuron 494
0  0  0  0  0  0  0  0  0  0  
#Neuron 495
0  0  0  0  0  0  0  0  0  0  
#Neuron 496
0  0  0  0  0  0  0  0  0  0  
#Neuron 497
0  0  0  0  0  0  0  0  0  0  
#Neuron 498
0  0  0  0  0  0  0  0  0  0  
#Neuron 499
0  0  0  0  0  0  0  0  0  0  
#Neuron 500
0  0  0  0  0  0  0  0  0  0  
#Neuron 501
0  0  0  0  0  0  0  0  0  0  
#Neuron 502
0  0  0  0  0  0  0  0  0  0  
#Neuron 503
0  0  0  0  0  0  0  0  0  0  
#Neuron 504
0  0  0  0  0  0  0  0  0  0  
#Neuron 505
0  0  0  0  0  0  0  0  0  0  
#Neuron 506
0  0  0  0  0  0  0  0  0  0  
#Neuron 507
0  0  0  0  0  0  0  0  0  0  
#Neuron 508
0  0  0  0  0  0  0  0  0  0  
#Neuron 509
0  0  0  0  0  0  0  0  0  0  
#Neuron 510
0  0  0  0  0  0  0  0  0  0  
#Neuron 511
0  0  0  0  0  0  0  0  0  0  
#Neuron 512
0  0  0  0  0  0  0  0  0  0  
#Neuron 513
0  0  0  0  0  0  0  0  0  0  
#Neuron 514
0  0  0  0  0  0  0  0  0  0  
#Neuron 515
0  0  0  0  0  0  0  0  0  0  
#Neuron 516
0  0  0  0  0  0  0  0  0  0  
#Neuron 517
0  0  0  0  0  0  0  0  0  0  
#Neuron 518
0  0  0  0  0  0  0  0  0  0  
#Neuron 519
0  0  0  0  0  0  0  0  0  0  
#Neuron 520
0  0  0  0  0  0  0  0  0  0  
#Neuron 521
0  0  0  0  0  0  0  0  0  0  
#Neuron 522
0  0  0  0  0  0  0  0  0  0  
#Neuron 523
0  0  0  0  0  0  0  0  0  0  
#Neuron 524
0  0  0  0  0  0  0  0  0  0  
#Neuron 525
0  0  0  0  0  0  0  0  0  0  
#Neuron 526
0  0  0  0  0  0  0  0  0  0  
#Neuron 527
0  0  0  0  0  0  0  0  0  0  
#Neuron 528
0  0  0  0  0  0  0  0  0  0  
#Neuron 529
0  0  0  0  0  0  0  0  0  0  
#Neuron 530
0  0  0  0  0  0  0  0  0  0  
#Neuron 531
0  0  0  0  0  0  0  0  0  0  
#Neuron 532
0  0  0  0  0  0  0  0  0  0  
#Neuron 533
0  0  0  0  0  0  0  0  0  0  
#Neuron 534
0  0  0  0  0  0  0  0  0  0  
#Neuron 535
0  0  0  0  0  0  0  0  0  0  
#Neuron 536
0  0  0  0  0  0  0  0  0  0  
#Neuron 537
0  0  0  0  0  0  0  0  0  0  
#Neuron 538
0  0  0  0  0  0  0  0  0  0  
#Neuron 539
0  0  0  0  0  0  0  0  0  0  
#Neuron 540
0  0  0  0  0  0  0  0  0  0  
#Neuron 541
0  0  0  0  0  0  0  0  0  0  
#Neuron 542
0  0  0  0  0  0  0  0  0  0  
#Neuron 543
0  0  0  0  0  0  0  0  0  0  
#Neuron 544
0  0  0  0  0  0  0  0  0  0  
#Neuron 545
0  0  0  0  0  0  0  0  0  0  
#Neuron 546
0  0  0  0  0  0  0  0  0  0  
#Neuron 547
0  0  0  0  0  0  0  0  0  0  
#Neuron 548
0  0  0  0  0  0  0  0  0  0  
#Neuron 549
0  0  0  0  0  0  0  0  0  0  
#Neuron 550
0  0  0  0  0  0  0  0  0  0  
#Neuron 551
0  0  0  0  0  0  0  0  0  0  
#Neuron 552
0  0  0  0  0  0  0  0  0  0  
#Neuron 553
0  0  0  0  0  0  0  0  0  0  
#Neuron 554
0  0  0  0  0  0  0  0  0  0  
#Neuron 555
0  0  0  0  0  0  0  0  0  0  
#Neuron 556
0  0  0  0  0  0  0  0  0  0  
#Neuron 557
0  0  0  0  0  0  0  0  0  0  
#Neuron 558
0  0  0  0  0  0  0  0  0  0  
#Neuron 559
0  0  0  0  0  0  0  0  0  0  
#Neuron 560
0  0  0  0  0  0  0  0  0  0  
#Neuron 561
0  0  0  0  0  0  0  0  0  0  
#Neuron 562
0  0  0  0  0  0  0  0  0  0  
#Neuron 563
0  0  0  0  0  0  0  0  0  0  
#Neuron 564
0  0  0  0  0  0  0  0  0  0  
#Neuron 565
0  0  0  0  0  0  0  0  0  0  
#Neuron 566
0  0  0  0  0  0  0  0  0  0  
#Neuron 567
0  0  0  0  0  0  0  0  0  0  
#Neuron 568
0  0  0  0  0  0  0  0  0  0  
#Neuron 569
0  0  0  0  0  0  0  0  0  0  
#Neuron 570
0  0  0  0  0  0  0  0  0  0  
#Neuron 571
0  0  0  0  0  0  0  0  0  0  
#Neuron 572
0  0  0  0  0  0  0  0  0  0  
#Neuron 573
0  0  0  0  0  0  0  0  0  0  
#Neuron 574
0  0  0  0  0  0  0  0  0  0  
#Neuron 575
0  0  0  0  0  0  0  0  0  0  
#Neuron 576
0  0  0  0  0  0  0  0  0  0  
#Neuron 577
0  0  0  0  0  0  0  0  0  0  
#Neuron 578
0  0  0  0  0  0  0  0  0  0  
#Neuron 579
0  0  0  0  0  0  0  0  0  0  
#Neuron 580
0  0  0  0  0  0  0  0  0  0  
#Neuron 581
0  0  0  0  0  0  0  0  0  0  
#Neuron 582
0  0  0  0  0  0  0  0  0  0  
#Neuron 583
0  0  0  0  0  0  0  0  0  0  
#Neuron 584
0  0  0  0  0  0  0  0  0  0  
#Neuron 585
0  0  0  0  0  0  0  0  0  0  
#Neuron 586
0  0  0  0  0  0  0  0  0  0  
#Neuron 587
0  0  0  0  0  0  0  0  0  0  
#Neuron 588
0  0  0  0  0  0  0  0  0  0  
#Neuron 589
0  0  0  0  0  0  0  0  0  0  
#Neuron 590
0  0  0  0  0  0  0  0  0  0  
#Neuron 591
0  0  0  0  0  0  0  0  0  0  
#Neuron 592
0  0  0  0  0  0  0  0  0  0  
#Neuron 593
0  0  0  0  0  0  0  0  0  0  
#Neuron 594
0  0  0  0  0  0  0  0  0  0  
#Neuron 595
0  0  0  0  0  0  0  0  0  0  
#Neuron 596
0  0  0  0  0  0  0  0  0  0  
#Neuron 597
0  0  0  0  0  0  0  0  0  0  
#Neuron 598
0  0  0  0  0  0  0  0  0  0  
#Neuron 599
0  0  0  0  0  0  0  0  0  0  
#Neuron 600
0  0  0  0  0  0  0  0  0  0  
#Neuron 601
0  0  0  0  0  0  0  0  0  0  
#Neuron 602
0  0  0  0  0  0  0  0  0  0  
#Neuron 603
0  0  0  0  0  0  0  0  0  0  
#Neuron 604
0  0  0  0  0  0  0  0  0  0  
#Neuron 605
0  0  0  0  0  0  0  0  0  0  
#Neuron 606
0  0  0  0  0  0  0  0  0  0  
#Neuron 607
0  0  0  0  0  0  0  0  0  0  
#Neuron 608
0  0  0  0  0  0  0  0  0  0  
#Neuron 609
0  0  0  0  0  0  0  0  0  0  
#Neuron 610
0  0  0  0  0  0  0  0  0  0  
#Neuron 611
0  0  0  0  0  0  0  0  0  0  
#Neuron 612
0  0  0  0  0  0  0  0  0  0  
#Neuron 613
0  0  0  0  0  0  0  0  0  0  
#Neuron 614
0  0  0  0  0  0  0  0  0  0  
#Neuron 615
0  0  0  0  0  0  0  0  0  0  
#Neuron 616
0  0  0  0  0  0  0  0  0  0  
#Neuron 617
0  0  0  0  0  0  0  0  0  0  
#Neuron 618
0  0  0  0  0  0  0  0  0  0  
#Neuron 619
0  0  0  0  0  0  0  0  0  0  
#Neuron 620
0  0  0  0  0  0  0  0  0  0  
#Neuron 621
0  0  0  0  0  0  0  0  0  0  
#Neuron 622
0  0  0  0  0  0  0  0  0  0  
#Neuron 623
0  0  0  0  0  0  0  0  0  0  
#Neuron 624
0  0  0  0  0  0  0  0  0  0  
#Neuron 625
0  0  0  0  0  0  0  0  0  0  
#Neuron 626
0  0  0  0  0  0  0  0  0  0  
#Neuron 627
0  0  0  0  0  0  0  0  0  0  
#Neuron 628
0  0  0  0  0  0  0  0  0  0  
#Neuron 629
0  0  0  0  0  0  0  0  0  0  
#Neuron 630
0  0  0  0  0  0  0  0  0  0  
#Neuron 631
0  0  0  0  0  0  0  0  0  0  
#Neuron 632
0  0  0  0  0  0  0  0  0  0  
#Neuron 633
0  0  0  0  0  0  0  0  0  0  
#Neuron 634
0  0  0  0  0  0  0  0  0  0  
#Neuron 635
0  0  0  0  0  0  0  0  0  0  
#Neuron 636
0  0  0  0  0  0  0  0  0  0  
#Neuron 637
0  0  0  0  0  0  0  0  0  0  
#Neuron 638
0  0  0  0  0  0  0  0  0  0  
#Neuron 639
0  0  0  0  0  0  0  0  0  0  
#Neuron 640
0  0  0  0  0  0  0  0  0  0  
#Neuron 641
0  0  0  0  0  0  0  0  0  0  
#Neuron 642
0  0  0  0  0  0  0  0  0  0  
#Neuron 643
0  0  0  0  0  0  0  0  0  0  
#Neuron 644
0  0  0  0  0  0  0  0  0  0  
#Neuron 645
0  0  0  0  0  0  0  0  0  0  
#Neuron 646
0  0  0  0  0  0  0  0  0  0  
#Neuron 647
0  0  0  0  0  0  0  0  0  0  
#Neuron 648
0  0  0  0  0  0  0  0  0  0  
#Neuron 649
0  0  0  0  0  0  0  0  0  0  
#Neuron 650
0  0  0  0  0  0  0  0  0  0  
#Neuron 651
0  0  0  0  0  0  0  0  0  0  
#Neuron 652
0  0  0  0  0  0  0  0  0  0  
#Neuron 653
0  0  0  0  0  0  0  0  0  0  
#Neuron 654
0  0  0  0  0  0  0  0  0  0  
#Neuron 655
0  0  0  0  0  0  0  0  0  0  
#Neuron 656
0  0  0  0  0  0  0  0  0  0  
#Neuron 657
0  0  0  0  0  0  0  0  0  0  
#Neuron 658
0  0  0  0  0  0  0  0  0  0  
#Neuron 659
0  0  0  0  0  0  0  0  0  0  
#Neuron 660
0  0  0  0  0  0  0  0  0  0  
#Neuron 661
0  0  0  0  0  0  0  0  0  0  
#Neuron 662
0  0  0  0  0  0  0  0  0  0  
#Neuron 663
0  0  0  0  0  0  0  0  0  0  
#Neuron 664
0  0  0  0  0  0  0  0  0  0  
#Neuron 665
0  0  0  0  0  0  0  0  0  0  
#Neuron 666
0  0  0  0  0  0  0  0  0  0  
#Neuron 667
0  0  0  0  0  0  0  0  0  0  
#Neuron 668
0  0  0  0  0  0  0  0  0  0  
#Neuron 669
0  0  0  0  0  0  0  0  0  0  
#Neuron 670
0  0  0  0  0  0  0  0  0  0  
#Neuron 671
0  0  0  0  0  0  0  0  0  0  
#Neuron 672
0  0  0  0  0  0  0  0  0  0  
#Neuron 673
0  0  0  0  0  0  0  0  0  0  
#Neuron 674
0  0  0  0  0  0  0  0  0  0  
#Neuron 675
0  0  0  0  0  0  0  0  0  0  
#Neuron 676
0  0  0  0  0  0  0  0  0  0  
#Neuron 677
0  0  0  0  0  0  0  0  0  0  
#Neuron 678
0  0  0  0  0  0  0  0  0  0  
#Neuron 679
0  0  0  0  0  0  0  0  0  0  
#Neuron 680
0  0  0  0  0  0  0  0  0  0  
#Neuron 681
0  0  0  0  0  0  0  0  0  0  
#Neuron 682
0  0  0  0  0  0  0  0  0  0  
#Neuron 683
0  0  0  0  0  0  0  0  0  0  
#Neuron 684
0  0  0  0  0  0  0  0  0  0  
#Neuron 685
0  0  0  0  0  0  0  0  0  0  
#Neuron 686
0  0  0  0  0  0  0  0  0  0  
#Neuron 687
0  0  0  0  0  0  0  0  0  0  
#Neuron 688
0  0  0  0  0  0  0  0  0  0  
#Neuron 689
0  0  0  0  0  0  0  0  0  0  
#Neuron 690
0  0  0  0  0  0  0  0  0  0  
#Neuron 691
0  0  0  0  0  0  0  0  0  0  
#Neuron 692
0  0  0  0  0  0  0  0  0  0  
#Neuron 693
0  0  0  0  0  0  0  0  0  0  
#Neuron 694
0  0  0  0  0  0  0  0  0  0  
#Neuron 695
0  0  0  0  0  0  0  0  0  0  
#Neuron 696
0  0  0  0  0  0  0  0  0  0  
#Neuron 697
0  0  0  0  0  0  0  0  0  0  
#Neuron 698
0  0  0  0  0  0  0  0  0  0  
#Neuron 699
0  0  0  0  0  0  0  0  0  0  
#Neuron 700
0  0  0  0  0  0  0  0  0  0  
#Neuron 701
0  0  0  0  0  0  0  0  0  0  
#Neuron 702
0  0  0  0  0  0  0  0  0  0  
#Neuron 703
0  0  0  0  0  0  0  0  0  0  
#Neuron 704
0  0  0  0  0  0  0  0  0  0  
#Neuron 705
0  0  0  0  0  0  0  0  0  0  
#Neuron 706
0  0  0  0  0  0  0  0  0  0  
#Neuron 707
0  0  0  0  0  0  0  0  0  0  
#Neuron 708
0  0  0  0  0  0  0  0  0  0  
#Neuron 709
0  0  0  0  0  0  0  0  0  0  
#Neuron 710
0  0  0  0  0  0  0  0  0  0  
#Neuron 711
0  0  0  0  0  0  0  0  0  0  
#Neuron 712
0  0  0  0  0  0  0  0  0  0  
#Neuron 713
0  0  0  0  0  0  0  0  0  0  
#Neuron 714
0  0  0  0  0  0  0  0  0  0  
#Neuron 715
0  0  0  0  0  0  0  0  0  0  
#Neuron 716
0  0  0  0  0  0  0  0  0  0  
#Neuron 717
0  0  0  0  0  0  0  0  0  0  
#Neuron 718
0  0  0  0  0  0  0  0  0  0  
#Neuron 719
0  0  0  0  0  0  0  0  0  0  
#Neuron 720
0  0  0  0  0  0  0  0  0  0  
#Neuron 721
0  0  0  0  0  0  0  0  0  0  
#Neuron 722
0  0  0  0  0  0  0  0  0  0  
#Neuron 723
0  0  0  0  0  0  0  0  0  0  
#Neuron 724
0  0  0  0  0  0  0  0  0  0  
#Neuron 725
0  0  0  0  0  0  0  0  0  0  
#Neuron 726
0  0  0  0  0  0  0  0  0  0  
#Neuron 727
0  0  0  0  0  0  0  0  0  0  
#Neuron 728
0  0  0  0  0  0  0  0  0  0  
#Neuron 729
0  0  0  0  0  0  0  0  0  0  
#Neuron 730
0  0  0  0  0  0  0  0  0  0  
#Neuron 731
0  0  0  0  0  0  0  0  0  0  
#Neuron 732
0  0  0  0  0  0  0  0  0  0  
#Neuron 733
0  0  0  0  0  0  0  0  0  0  
#Neuron 734
0  0  0  0  0  0  0  0  0  0  
#Neuron 735
0  0  0  0  0  0  0  0  0  0  
#Neuron 736
0  0  0  0  0  0  0  0  0  0  
#Neuron 737
0  0  0  0  0  0  0  0  0  0  
#Neuron 738
0  0  0  0  0  0  0  0  0  0  
#Neuron 739
0  0  0  0  0  0  0  0  0  0  
#Neuron 740
0  0  0  0  0  0  0  0  0  0  
#Neuron 741
0  0  0  0  0  0  0  0  0  0  
#Neuron 742
0  0  0  0  0  0  0  0  0  0  
#Neuron 743
0  0  0  0  0  0  0  0  0  0  
#Neuron 744
0  0  0  0  0  0  0  0  0  0  
#Neuron 745
0  0  0  0  0  0  0  0  0  0  
#Neuron 746
0  0  0  0  0  0  0  0  0  0  
#Neuron 747
0  0  0  0  0  0  0  0  0  0  
#Neuron 748
0  0  0  0  0  0  0  0  0  0  
#Neuron 749
0  0  0  0  0  0  0  0  0  0  
#Neuron 750
0  0  0  0  0  0  0  0  0  0  
#Neuron 751
0  0  0  0  0  0  0  0  0  0  
#Neuron 752
0  0  0  0  0  0  0  0  0  0  
#Neuron 753
0  0  0  0  0  0  0  0  0  0  
#Neuron 754
0  0  0  0  0  0  0  0  0  0  
#Neuron 755
0  0  0  0  0  0  0  0  0  0  
#Neuron 756
0  0  0  0  0  0  0  0  0  0  
#Neuron 757
0  0  0  0  0  0  0  0  0  0  
#Neuron 758
0  0  0  0  0  0  0  0  0  0  
#Neuron 759
0  0  0  0  0  0  0  0  0  0  
#Neuron 760
0  0  0  0  0  0  0  0  0  0  
#Neuron 761
0  0  0  0  0  0  0  0  0  0  
#Neuron 762
0  0  0  0  0  0  0  0  0  0  
#Neuron 763
0  0  0  0  0  0  0  0  0  0  
#Neuron 764
0  0  0  0  0  0  0  0  0  0  
#Neuron 765
0  0  0  0  0  0  0  0  0  0  
#Neuron 766
0  0  0  0  0  0  0  0  0  0  
#Neuron 767
0  0  0  0  0  0  0  0  0  0  
#Neuron 768
0  0  0  0  0  0  0  0  0  0  
#Neuron 769
0  0  0  0  0  0  0  0  0  0  
#Neuron 770
0  0  0  0  0  0  0  0  0  0  
#Neuron 771
0  0  0  0  0  0  0  0  0  0  
#Neuron 772
0  0  0  0  0  0  0  0  0  0  
#Neuron 773
0  0  0  0  0  0  0  0  0  0  
#Neuron 774
0  0  0  0  0  0  0  0  0  0  
#Neuron 775
0  0  0  0  0  0  0  0  0  0  
#Neuron 776
0  0  0  0  0  0  0  0  0  0  
#Neuron 777
0  0  0  0  0  0  0  0  0  0  
#Neuron 778
0  0  0  0  0  0  0  0  0  0  
#Neuron 779
0  0  0  0  0  0  0  0  0  0  
#Neuron 780
0  0  0  0  0  0  0  0  0  0  
#Neuron 781
0  0  0  0  0  0  0  0  0  0  
#Neuron 782
0  0  0  0  0  0  0  0  0  0  
#Neuron 783
0  0  0  0  0  0  0  0  0  0  

#Layer 2
#Neuron 0
-1  -1  -1  0  0  0  0  0  0  0  
#Neuron 1
0  0  0  0  0  -1  -1  -1  -1  0  
#Neuron 2
0  0  0  0  -1  0  0  0  0  -1  
#Neuron 3
0  0  0  0  0  0  0  0  0  0  
#Neuron 4
0  0  0  0  0  0  0  0  0  0  
#Neuron 5
0  0  0  0  0  0  0  0  0  0  
#Neuron 6
0  0  0  0  0  0  0  0  0  0  
#Neuron 7
0  0  0  0  0  0  0  0  0  0  
#Neuron 8
0  0  0  0  0  0  0  0  0  0  
#Neuron 9
0  0  0  0  0  0  0  0  0  0  

#Example 0(label 3)
#Preactivation values
#Layer 1
0  0  0  0  0  0  0  0  0  0  
#Layer 2
-1  -1  -1  0  -1  -1  -1  -1  -1  -1  
#Activation values
#Layer 0
0  0  0  0  0  0  0  0  0  0  0  0  0  0  0  0  0  0  0  0  0  0  0  0  0  0  0  0  0  0  0  0  0  0  0  0  0  0  0  0  0  0  0  0  0  0  0  0  0  0  0  0  0  0  0  0  0  0  0  0  0  0  0  0  0  0  0  0  0  0  0  0  0  0  0  0  0  0  0  0  0  0  0  0  0  0  0  0  0  0  0  0  0  0  0  0  0  0  0  0  0  0  0  0  0  0  0  0  0  0  0  0  0  0  0  0  0  0  0  0  84  212  255  254  163  130  130  130  130  130  82  7  1  0  0  0  0  0  0  0  0  0  0  0  0  0  0  2  166  253  253  253  253  253  253  253  253  253  253  253  144  13  0  0  0  0  0  0  0  0  0  0  0  0  0  32  253  253  253  253  253  253  253  253  253  253  253  253  253  202  3  0  0  0  0  0  0  0  0  0  0  0  0  13  199  253  253  253  253  253  253  253  253  253  253  253  253  253  5  0  0  0  0  0  0  0  0  0  0  0  0  0  63  180  222  134  99  99  99  99  99  99  220  253  253  253  66  0  0  0  0  0  0  0  0  0  0  0  0  0  0  0  0  0  0  0  0  0  0  0  118  253  253  253  5  0  0  0  0  0  0  0  0  0  0  0  0  0  0  0  0  0  0  0  0  36  87  167  243  253  253  175  2  0  0  0  0  0  0  0  0  0  0  0  0  0  0  0  0  0  0  14  147  238  253  253  253  253  253  158  1  0  0  0  0  0  0  0  0  0  0  0  0  0  0  0  0  0  45  200  253  253  253  253  253  253  253  253  94  0  0  0  0  0  0  0  0  0  0  0  0  0  0  0  0  0  63  253  253  253  253  253  253  253  253  253  129  0  0  0  0  0  0  0  0  0  0  0  0  0  0  0  0  0  63  253  253  253  253  253  253  253  253  253  129  0  0  0  0  0  0  0  0  0  0  0  0  0  0  0  0  0  63  253  253  253  253  189  70  137  253  253  129  0  0  0  0  0  0  0  0  0  0  0  0  0  0  0  0  0  12  83  172  133  49  7  0  145  253  253  129  0  0  0  0  0  0  0  0  3  88  38  0  0  0  0  0  0  0  0  0  0  0  0  83  249  253  253  129  0  0  0  0  0  0  0  0  113  253  233  135  0  0  0  0  0  0  0  0  0  33  139  231  253  253  253  129  0  0  0  0  0  0  0  0  240  253  253  250  135  0  0  0  0  25  100  100  139  234  253  253  253  253  207  18  0  0  0  0  0  0  0  0  203  253  253  253  250  211  166  191  230  235  253  253  253  253  253  253  253  207  19  0  0  0  0  0  0  0  0  0  76  253  253  253  253  253  253  253  253  253  253  253  253  253  253  253  207  19  0  0  0  0  0  0  0  0  0  0  4  141  253  253  253  253  253  253  253  253  253  253  253  253  152  87  7  0  0  0  0  0  0  0  0  0  0  0  0  1  76  129  144  253  253  253  226  129  129  32  5  5  1  0  0  0  0  0  0  0  0  0  0  0  0  0  0  0  0  0  0  0  0  0  0  0  0  0  0  0  0  0  0  0  0  0  0  0  0  0  0  0  0  0  0  0  0  0  0  0  0  0  0  0  0  0  0  0  0  0  0  0  0  0  0  0  0  0  0  0  0  0  0  0  0  0  0  0  0  0  0  0  0  0  0  0  0  0  0  0  0  0  0  0  0  0  0  0  0  0  0  0  0  0  0  0  0  0  0  0  0  0  0  0  0  0  0  0  0  0  0  0  0  0  0  
#Layer 1
1  1  1  1  1  1  1  1  1  1  
#Layer 2
-1  -1  -1  1  -1  -1  -1  -1  -1  -1  


